0,3,1
0,6,1
0,9,1
0,11,1
0,14,1
0,16,1
0,20,1
0,22,1
0,25,1
0,29,1
1,2,1
1,3,1
1,5,1
1,13,1
1,16,1
1,18,1
1,19,1
1,28,1
2,13,1
2,14,1
2,21,1
2,25,1
2,26,1
2,27,1
2,29,1
2,400,-1
2,552,-1
2,605,-1
2,1601,-1
2,2133,-1
3,7,1
3,10,1
3,11,1
3,12,1
3,13,1
3,15,1
3,18,1
3,22,1
3,29,1
3,180,1
3,1814,-1
3,2815,-1
4,7,1
4,9,1
4,11,1
4,12,1
4,13,1
4,14,1
4,16,1
4,20,1
4,21,1
4,22,1
4,24,1
4,26,1
4,27,1
4,1600,-1
4,1800,-1
4,2901,-1
5,8,1
5,9,1
5,12,1
5,17,1
5,20,1
5,25,1
5,27,1
6,19,1
6,22,1
6,23,1
6,24,1
6,25,1
7,14,1
7,17,1
7,18,1
7,19,1
7,20,1
7,23,1
8,13,1
8,15,1
8,17,1
8,18,1
8,20,1
8,21,1
8,22,1
8,24,1
8,27,1
8,311,-1
8,2451,-1
9,12,1
9,13,1
9,18,1
9,19,1
9,20,1
9,28,1
9,2463,-1
10,13,1
10,17,1
10,20,1
10,26,1
10,27,1
10,206,-1
11,14,1
11,15,1
11,19,1
11,28,1
11,745,-1
11,877,-1
11,2299,-1
11,2656,-1
12,18,1
12,19,1
12,20,1
12,22,1
12,23,1
12,26,1
13,15,1
13,16,-1
13,21,1
13,29,1
14,16,1
14,19,1
14,25,1
14,28,1
14,379,-1
14,1528,-1
14,1791,-1
15,28,-1
15,74,-1
15,771,-1
15,1464,-1
16,18,1
16,20,1
16,21,1
16,22,1
16,29,1
17,18,1
17,21,1
17,24,1
17,1181,-1
17,1533,-1
17,1850,-1
17,2847,-1
18,19,1
18,23,1
18,24,1
18,28,1
19,20,1
19,2328,-1
20,27,1
20,855,-1
20,943,-1
20,1536,-1
20,2182,-1
21,27,1
21,28,1
21,29,1
21,1805,-1
21,2183,-1
22,24,1
22,172,-1
22,645,-1
22,2509,-1
22,2670,-1
23,1701,-1
24,25,1
24,26,1
24,27,1
24,29,1
24,1073,-1
24,2194,-1
25,28,1
25,29,1
25,961,-1
25,1794,-1
25,1834,-1
26,29,1
26,421,-1
26,2779,-1
27,28,1
27,29,1
27,707,-1
28,29,1
28,735,-1
28,2909,-1
29,265,-1
29,1602,-1
29,2185,-1
30,38,1
30,40,1
30,41,1
30,43,1
30,48,1
30,52,1
30,53,1
30,55,1
31,36,1
31,47,1
31,48,1
31,52,1
31,53,1
31,54,1
31,56,1
31,58,1
31,1157,-1
32,35,1
32,38,1
32,39,1
32,42,1
32,504,-1
32,1674,-1
33,34,1
33,38,1
33,39,1
33,40,1
33,41,1
33,43,1
33,50,1
33,55,1
33,56,1
33,59,1
33,1703,-1
34,37,1
34,38,1
34,42,1
34,45,1
34,57,1
34,58,1
35,39,1
35,43,1
35,50,1
35,866,-1
35,1808,-1
36,37,1
36,51,1
36,56,1
36,59,1
36,769,-1
36,1744,-1
37,39,1
37,41,-1
37,44,1
37,46,1
37,51,1
37,53,1
37,54,1
37,55,1
37,56,1
37,59,1
37,674,-1
38,44,1
38,45,1
38,49,1
38,51,1
38,53,1
38,56,1
38,59,1
38,704,-1
39,44,1
39,45,1
39,48,1
39,51,1
39,53,1
39,59,1
39,2420,-1
40,43,1
40,54,1
40,55,1
40,56,1
40,706,-1
41,43,1
41,51,1
41,372,-1
42,44,1
42,53,1
42,54,1
42,55,1
42,57,1
42,58,1
43,55,1
43,56,1
43,59,1
43,411,-1
44,45,1
44,47,1
44,50,1
44,51,1
44,53,1
44,58,1
44,1197,-1
44,2863,-1
45,47,1
45,48,1
45,50,1
45,51,1
45,55,1
45,57,1
45,2011,-1
45,2358,-1
45,2875,-1
46,47,1
46,52,1
46,55,1
46,57,1
46,59,1
47,51,1
47,56,1
47,58,1
47,636,-1
47,2794,-1
48,51,1
48,52,1
48,54,1
48,55,1
48,59,1
48,2106,-1
48,2633,1
49,50,1
49,57,1
49,58,1
49,1042,-1
49,1882,-1
50,54,1
50,59,1
50,1902,-1
51,52,1
51,56,1
51,57,1
51,58,1
51,1376,-1
51,1887,-1
51,2617,-1
51,2830,-1
52,57,1
52,1220,-1
53,56,1
53,58,1
54,58,1
54,581,-1
54,2145,-1
55,56,1
55,1974,-1
55,2111,-1
55,2392,-1
55,2930,-1
56,2085,-1
56,2751,-1
57,58,1
57,1642,-1
58,944,-1
58,2805,-1
60,63,1
60,67,1
60,70,1
60,75,1
60,82,1
60,84,1
60,86,1
61,63,1
61,78,1
61,82,1
61,83,1
61,86,1
61,89,1
61,380,-1
61,1610,-1
62,63,1
62,64,1
62,67,1
62,70,1
62,72,1
62,82,-1
62,84,1
62,86,1
62,335,-1
62,1817,-1
62,2011,-1
63,66,1
63,67,1
63,68,1
63,77,1
63,80,1
63,82,1
63,83,1
63,86,1
63,1786,-1
64,65,1
64,70,1
64,72,1
64,74,1
64,75,1
64,78,1
64,85,1
64,89,1
64,804,-1
65,70,1
65,71,1
65,72,1
65,76,1
65,79,1
65,84,1
65,138,-1
65,2314,-1
66,71,1
66,72,1
66,74,1
66,76,1
66,79,1
66,2264,-1
67,71,1
67,74,1
67,77,1
67,79,1
67,1409,-1
68,70,1
68,71,1
68,73,1
68,82,-1
68,83,1
68,85,1
68,2108,-1
69,71,1
69,73,1
69,82,1
69,88,1
70,76,1
70,78,1
70,79,1
70,80,1
70,83,1
70,86,1
71,81,1
71,83,1
71,1119,-1
71,1155,-1
71,1465,-1
71,2639,-1
72,75,1
72,76,1
72,78,1
72,79,1
72,80,1
72,82,1
72,88,1
73,74,1
73,80,-1
74,75,1
74,76,1
74,79,1
74,80,1
74,85,1
74,86,1
74,88,1
74,764,-1
74,1766,-1
74,2176,-1
75,76,1
75,79,1
75,80,1
75,1109,-1
75,2117,-1
76,81,1
76,82,1
76,83,1
76,86,1
76,88,1
76,1117,-1
77,84,1
77,85,1
77,2559,-1
78,79,1
78,81,1
78,82,1
78,86,1
78,87,1
78,2088,-1
79,80,1
79,82,1
79,85,1
79,199,-1
79,830,-1
79,2679,-1
80,82,1
80,87,1
80,88,1
80,2809,-1
82,83,1
82,87,1
82,88,1
82,1764,-1
82,1812,-1
82,2933,-1
83,89,1
83,431,-1
84,87,1
84,88,1
84,89,1
84,859,-1
84,1874,-1
85,86,1
86,232,-1
86,600,-1
86,2226,-1
87,88,1
87,580,-1
87,1007,-1
87,1750,-1
88,813,-1
88,1601,-1
89,1471,-1
89,2754,-1
89,2983,-1
90,93,1
90,94,1
90,96,1
90,99,1
90,102,1
90,107,1
90,111,1
90,744,-1
90,1035,-1
90,2989,-1
91,92,1
91,101,1
91,107,1
91,114,1
91,115,1
91,599,-1
91,2530,-1
92,97,1
92,99,1
92,105,1
92,108,1
92,111,1
92,118,1
92,2425,-1
93,98,1
93,104,1
93,107,1
93,111,1
93,112,1
93,115,1
93,1134,-1
94,95,1
94,97,1
94,100,1
94,103,1
94,105,1
94,111,1
94,116,1
94,117,1
94,1956,-1
94,2021,-1
95,98,1
95,100,1
95,118,1
95,1309,-1
95,2436,-1
96,100,1
96,102,1
96,106,1
96,107,1
96,110,1
96,117,1
96,1179,-1
97,99,1
97,104,1
97,105,1
97,106,1
97,110,1
97,111,1
97,113,1
97,114,1
97,116,1
98,100,1
98,102,1
98,105,1
98,110,1
98,119,1
98,369,-1
99,101,1
99,103,1
99,104,1
99,106,1
99,107,1
99,274,-1
99,1543,-1
99,1683,-1
99,2131,-1
100,103,1
100,104,1
100,107,1
100,118,1
100,332,-1
100,613,-1
100,1976,-1
100,2478,-1
101,103,1
101,108,1
101,115,1
101,268,-1
101,1117,-1
101,1248,-1
102,104,1
102,107,1
102,110,1
102,111,1
102,112,1
102,115,1
102,117,1
102,1487,-1
103,109,1
103,110,1
103,114,1
103,116,1
103,117,1
103,118,1
104,106,1
104,107,1
104,112,1
104,114,1
104,115,1
104,116,1
104,2281,-1
105,106,1
105,110,1
105,112,1
105,113,1
105,2403,-1
105,2949,-1
106,108,1
106,111,1
106,114,1
106,115,1
106,118,1
106,1010,-1
106,1510,-1
106,2393,-1
107,115,1
107,118,1
108,111,1
108,847,-1
108,870,-1
108,1218,-1
109,111,1
109,116,1
109,118,1
110,117,1
110,119,1
110,211,-1
110,1151,-1
111,113,1
111,115,1
111,119,1
111,1171,-1
111,1209,-1
111,1303,-1
111,1318,-1
112,118,1
112,677,-1
113,880,-1
113,2475,-1
114,116,1
115,118,1
115,1040,-1
115,1528,-1
115,1648,-1
116,117,1
116,118,1
116,1142,-1
116,2667,-1
117,585,-1
117,731,1
118,248,-1
119,1192,-1
119,2351,-1
120,123,1
120,124,1
120,127,1
120,130,1
120,136,1
120,138,1
120,141,1
120,146,1
121,122,1
121,123,1
121,129,1
121,131,1
121,139,1
121,141,1
121,146,1
121,1574,-1
121,1687,-1
122,124,-1
122,125,1
122,136,1
122,143,1
122,146,1
122,147,1
122,1795,-1
123,126,1
123,128,1
123,129,1
123,133,1
123,134,1
123,140,1
123,141,1
123,144,1
123,148,1
123,344,-1
123,487,-1
123,981,-1
123,1077,-1
123,2230,-1
123,2962,-1
124,126,1
124,127,1
124,130,1
124,132,1
124,135,1
124,136,1
124,140,1
124,141,1
124,145,1
124,2517,-1
125,131,1
125,134,1
125,135,1
125,136,1
125,141,1
125,143,1
125,144,1
125,270,-1
125,857,-1
125,1139,-1
125,1486,-1
126,127,1
126,130,1
126,132,1
126,134,1
126,135,1
126,136,1
126,142,1
126,145,1
126,2900,-1
127,128,1
127,129,1
127,134,1
127,142,1
127,143,1
127,144,1
127,515,-1
127,1113,-1
128,131,1
128,134,1
128,136,1
128,137,1
128,138,1
128,139,1
128,141,1
128,148,1
128,1559,-1
128,2975,-1
129,134,1
129,135,1
129,138,1
129,144,1
129,145,1
129,146,1
129,147,-1
129,149,1
129,675,-1
129,1961,-1
129,2666,-1
130,131,1
130,140,1
130,144,1
130,146,1
130,413,-1
130,2562,-1
131,134,1
131,135,1
131,136,1
131,144,1
131,145,1
131,146,1
131,147,1
131,149,1
131,1629,-1
132,135,1
132,137,1
132,139,1
132,145,1
132,146,1
132,147,1
132,148,1
133,134,1
133,135,1
133,145,1
133,147,1
133,149,1
134,136,1
134,138,1
134,140,1
134,146,1
134,147,1
134,1230,-1
134,1750,-1
135,136,1
135,139,1
135,143,1
135,147,1
135,739,-1
136,138,1
136,140,1
136,147,1
136,636,-1
137,140,1
137,144,1
137,146,1
137,149,1
138,145,1
138,148,1
138,149,1
138,1550,-1
138,1996,-1
139,140,1
139,141,1
139,142,1
139,145,1
139,146,1
139,441,-1
140,141,1
140,143,1
140,144,1
140,146,1
140,317,-1
140,720,-1
141,146,1
141,147,1
141,698,-1
142,144,1
142,149,1
142,1795,-1
143,148,1
143,624,-1
143,2032,-1
144,145,1
144,146,1
144,149,1
146,349,-1
146,492,-1
146,1413,-1
147,238,-1
147,1211,-1
148,149,1
149,732,-1
149,1783,-1
150,151,1
150,157,1
150,160,1
150,161,1
150,162,1
150,171,1
150,173,1
150,176,1
150,177,1
150,178,1
150,2172,-1
151,154,1
151,158,1
151,163,1
151,164,1
151,166,1
151,167,1
151,169,1
151,170,1
151,171,1
151,175,1
151,178,1
151,2418,-1
152,153,1
152,162,1
152,166,1
152,168,1
152,170,1
152,173,1
153,154,1
153,160,1
153,161,1
153,165,1
153,169,1
153,171,1
153,177,1
153,179,1
154,159,1
154,164,1
154,165,1
154,168,1
154,169,1
154,174,1
154,175,1
154,176,1
155,161,1
155,166,1
155,170,1
155,172,1
155,176,1
155,179,1
156,162,1
156,175,1
156,2851,-1
157,161,1
157,164,1
157,165,1
157,168,1
157,170,1
157,172,1
157,175,1
157,177,1
157,178,1
157,2258,-1
158,163,1
158,165,1
158,170,1
158,171,1
158,2827,-1
159,161,1
159,164,1
159,167,1
159,169,1
159,171,1
159,172,1
159,174,1
159,179,1
159,1194,-1
160,164,1
160,165,1
160,170,1
160,174,1
160,175,1
161,163,1
161,164,1
161,171,1
161,175,1
161,179,1
162,163,1
162,168,1
162,171,1
162,176,1
162,178,1
162,179,1
163,164,1
163,165,1
163,166,1
163,168,1
163,169,1
163,173,1
163,174,1
164,176,1
164,179,1
165,170,1
165,172,-1
165,174,1
166,172,1
166,176,1
166,177,1
166,927,-1
166,1584,-1
167,170,1
167,171,1
167,172,1
167,173,1
167,174,1
167,177,1
167,178,1
167,179,1
168,172,1
168,173,1
168,176,1
168,178,1
168,179,1
168,1073,-1
168,1261,-1
168,2417,-1
169,172,1
169,173,1
169,174,1
169,175,1
169,177,1
170,1340,-1
171,173,1
171,178,1
171,1636,-1
171,2301,-1
172,173,1
172,174,1
173,175,1
173,178,1
173,2036,-1
173,2066,-1
174,176,1
175,1627,-1
176,179,1
176,815,-1
176,1392,-1
176,2117,-1
176,2491,-1
177,660,-1
177,1894,-1
178,1321,-1
178,1803,-1
179,359,-1
179,386,-1
180,184,1
180,193,1
180,195,1
180,201,1
180,204,1
180,205,1
180,1879,-1
181,184,1
181,185,1
181,198,1
181,201,1
181,202,1
181,208,-1
181,209,1
182,184,1
182,185,1
182,186,1
182,189,1
182,190,1
182,194,1
182,196,1
182,197,1
182,201,1
182,206,1
182,209,1
182,1146,-1
182,1721,-1
183,186,1
183,192,1
183,200,1
183,201,1
183,203,1
183,206,1
183,208,1
183,209,1
184,185,1
184,189,1
184,195,1
184,205,1
184,206,1
184,378,-1
184,613,-1
185,190,1
185,200,1
185,209,1
185,269,-1
185,552,-1
185,819,-1
185,1513,1
186,192,1
186,193,1
186,194,1
186,195,1
186,196,1
186,203,1
186,206,1
187,192,1
187,194,1
187,199,1
187,200,1
187,201,1
187,203,1
187,205,1
187,207,1
187,208,1
187,1377,-1
187,2431,-1
188,190,1
188,198,1
188,199,1
188,202,1
188,206,1
188,278,-1
188,2353,-1
189,205,1
189,206,1
189,208,1
189,747,-1
189,754,-1
190,194,1
190,197,1
190,201,1
190,206,1
190,2149,-1
190,2250,-1
191,202,1
191,205,1
191,206,-1
191,966,-1
192,203,1
192,207,1
192,1163,-1
192,1188,-1
193,195,1
193,197,1
193,198,1
193,204,1
193,205,1
193,1354,-1
193,2934,-1
194,197,1
194,199,1
194,200,1
194,201,1
194,202,1
194,205,-1
194,206,1
194,207,1
194,208,1
195,197,1
195,201,1
195,203,-1
195,207,1
195,209,1
195,594,-1
195,1096,-1
195,2312,-1
196,202,1
196,204,1
196,206,1
196,207,1
196,2311,1
197,201,1
197,204,1
198,200,1
198,201,1
198,202,1
198,204,1
198,205,1
198,206,1
198,1422,-1
199,200,1
199,202,1
199,204,1
199,208,1
199,1915,-1
199,2495,-1
200,203,1
200,208,1
200,647,-1
201,209,1
201,2249,-1
201,2794,-1
202,208,1
202,1880,-1
203,205,1
203,206,1
203,208,1
204,440,-1
204,1676,-1
204,2023,-1
204,2252,-1
204,2847,-1
204,2979,-1
205,656,-1
205,2533,-1
206,208,1
206,223,-1
206,229,-1
206,651,-1
206,879,-1
207,2474,-1
208,209,1
208,1904,-1
209,1307,-1
209,1623,-1
210,218,1
210,219,1
210,223,1
210,227,1
210,230,1
210,231,1
210,270,-1
211,212,1
211,217,1
211,218,1
211,227,1
211,232,1
211,235,1
211,239,1
212,214,1
212,217,1
212,221,1
212,224,1
212,225,1
212,230,1
212,236,1
212,521,-1
212,2107,-1
212,2215,-1
213,228,1
213,230,1
213,238,1
213,239,1
213,1252,-1
214,218,1
214,219,1
214,222,1
214,226,1
214,227,1
214,228,1
214,230,1
214,233,1
214,234,1
214,236,1
215,218,1
215,219,1
215,222,1
215,224,1
215,226,1
215,227,1
215,228,1
215,233,1
215,237,1
215,239,1
215,2006,-1
216,218,1
216,220,1
216,221,1
216,227,1
216,228,1
216,229,1
216,230,1
216,231,1
216,233,1
216,238,1
217,218,1
217,219,1
217,222,1
217,224,1
217,225,1
217,227,1
217,232,-1
217,235,1
217,238,1
217,889,-1
218,225,1
218,227,1
218,842,-1
218,2951,-1
219,222,1
219,223,1
219,226,1
219,229,1
219,230,1
219,389,-1
219,848,-1
220,234,1
220,2270,-1
220,2751,-1
221,225,1
221,233,-1
221,234,1
221,237,1
221,525,-1
221,1364,-1
222,223,1
222,238,1
222,1663,-1
222,1808,-1
223,228,1
223,233,1
223,235,1
223,237,1
223,238,1
223,239,1
223,1095,-1
224,227,1
224,230,1
225,226,1
225,230,1
225,234,1
225,235,1
225,236,1
225,730,-1
225,1818,-1
225,2090,-1
226,227,1
226,228,1
226,233,1
226,236,1
226,237,1
226,2177,-1
226,2338,-1
227,229,1
227,230,1
227,232,1
227,233,1
227,235,1
227,239,1
228,229,-1
228,1540,-1
228,1947,-1
228,2209,-1
229,233,1
229,234,1
229,235,1
229,239,1
229,1055,-1
229,2628,-1
230,234,1
230,235,1
230,237,1
230,2020,-1
230,2352,-1
230,2623,-1
231,237,1
231,734,-1
231,1366,-1
231,1844,-1
232,235,1
232,237,1
232,705,-1
233,237,1
233,238,1
233,766,-1
233,2907,-1
235,236,1
235,660,-1
235,1120,-1
235,1301,-1
235,2042,1
235,2162,-1
235,2450,-1
236,237,1
236,239,1
239,1239,-1
239,2682,-1
240,242,1
240,243,1
240,245,1
240,246,-1
240,250,1
240,251,1
240,255,1
240,257,1
240,258,1
240,260,1
240,263,1
240,269,1
240,1792,-1
241,249,1
241,257,1
241,260,1
241,263,1
241,265,1
241,266,1
241,269,1
242,244,1
242,246,1
242,248,1
242,250,1
242,257,1
242,259,1
242,261,1
242,264,1
242,265,1
242,266,1
242,268,1
242,2552,-1
243,251,1
243,252,1
243,255,1
243,256,1
243,262,1
243,265,1
243,2432,-1
244,248,1
244,251,1
244,253,1
244,255,1
244,256,1
244,257,1
244,259,1
244,260,1
244,267,1
244,2480,-1
245,249,1
245,251,1
245,261,1
245,264,1
245,265,1
245,268,1
245,269,1
245,1428,-1
245,1742,-1
246,247,1
246,248,-1
246,249,1
246,252,1
246,253,1
246,254,1
246,268,1
246,1695,-1
246,2511,-1
247,250,1
247,251,1
247,255,1
247,258,1
247,262,1
247,263,1
247,266,1
247,267,1
247,269,1
248,261,1
248,262,1
248,268,1
248,1326,-1
249,252,1
249,254,1
249,260,1
249,266,-1
249,268,1
249,269,1
249,1159,-1
250,251,1
250,256,1
250,263,1
250,265,1
250,268,1
250,1558,-1
251,256,1
251,258,1
251,259,1
251,260,1
251,796,-1
252,253,1
252,256,1
252,258,1
252,261,1
252,263,1
252,268,1
253,256,1
253,259,1
253,263,1
253,269,1
253,689,-1
253,2746,-1
254,256,1
254,260,1
254,268,1
254,427,-1
255,256,1
255,258,1
255,259,1
255,262,1
255,263,1
255,266,1
255,267,1
255,268,1
255,1014,-1
256,1682,-1
257,264,1
257,266,1
257,345,-1
257,675,-1
258,269,1
259,261,1
259,262,1
259,265,1
260,264,1
260,268,1
260,1692,-1
260,1946,-1
260,2245,-1
261,262,1
261,265,1
261,2872,-1
262,2088,-1
262,2868,-1
263,265,1
263,266,1
263,625,-1
264,281,-1
264,540,-1
264,1640,-1
264,1739,-1
265,267,1
265,269,1
265,674,-1
266,269,1
266,418,-1
266,491,-1
266,2633,-1
267,268,-1
268,269,1
268,1618,-1
268,2471,-1
268,2481,-1
269,2035,-1
269,2647,-1
270,281,1
270,283,1
270,299,1
270,735,-1
271,274,1
271,276,1
271,278,1
271,280,1
271,285,1
271,286,1
271,289,1
271,291,1
271,295,1
271,296,1
271,298,1
271,299,1
271,914,-1
272,273,1
272,278,1
272,279,1
272,282,1
272,292,-1
272,295,1
272,1292,-1
272,2180,-1
273,277,1
273,278,1
273,289,1
273,292,1
273,294,1
273,298,1
273,2421,-1
273,2965,-1
274,275,1
274,283,1
274,285,1
274,286,1
274,288,1
274,295,1
274,296,1
274,298,1
275,279,1
275,281,1
275,283,1
275,286,1
275,289,1
275,296,1
275,1546,-1
275,1891,-1
276,277,1
276,278,1
276,279,1
276,282,1
276,284,1
276,295,1
276,298,1
276,2915,-1
277,283,1
277,290,1
277,292,1
277,294,1
277,298,1
277,299,1
277,1144,-1
277,2675,-1
278,279,1
278,284,1
278,288,1
278,298,1
278,2473,-1
279,280,1
279,281,1
279,283,1
279,288,1
279,289,1
279,291,1
279,294,1
279,295,1
279,297,1
279,678,-1
279,730,-1
280,285,1
280,286,1
280,287,1
280,289,1
280,290,1
280,293,1
280,2781,-1
281,285,1
281,287,1
281,288,1
281,289,1
281,291,1
281,293,1
281,296,1
281,298,1
281,299,1
281,1456,-1
281,2577,-1
282,286,1
282,287,1
282,288,1
282,293,1
282,297,1
282,572,-1
282,1067,-1
282,1484,-1
282,2475,-1
283,288,1
283,293,1
283,294,1
283,295,1
283,298,1
283,475,-1
284,287,1
284,288,1
284,289,1
284,292,1
284,293,1
284,294,1
284,298,1
284,1088,-1
285,286,1
285,292,1
285,296,1
285,297,1
286,289,1
286,291,1
286,294,1
286,299,1
286,1333,-1
287,288,1
287,291,1
287,298,1
287,299,1
287,2193,-1
288,289,1
288,292,1
288,293,1
288,296,1
288,297,1
288,298,1
289,290,1
289,293,1
289,294,1
289,847,-1
290,295,1
290,296,1
290,297,1
290,605,-1
290,1663,-1
290,2711,-1
291,408,-1
292,295,1
292,296,1
292,298,1
293,295,1
293,297,1
293,307,-1
293,2910,-1
294,299,1
295,298,1
295,299,1
295,2717,-1
295,2876,-1
296,2515,-1
297,298,1
298,299,1
298,1572,-1
298,2512,-1
300,301,1
300,303,1
300,306,1
300,307,1
300,312,1
300,313,1
300,316,1
300,322,1
300,323,1
300,327,1
300,329,1
301,309,1
301,312,1
301,315,1
301,324,1
301,597,-1
302,306,1
302,307,1
302,309,1
302,311,1
302,314,1
302,316,1
302,319,1
302,320,1
302,323,1
302,328,1
303,306,1
303,307,1
303,309,1
303,317,-1
303,322,1
303,325,1
303,1050,-1
303,1207,-1
304,306,1
304,311,1
304,313,1
304,314,1
304,315,1
304,321,1
304,324,1
304,326,1
304,327,1
304,328,1
305,309,1
305,311,1
305,315,1
305,317,1
305,320,1
305,321,1
305,325,1
305,328,1
306,307,1
306,309,1
306,312,1
306,313,1
306,316,1
306,318,1
306,322,1
306,327,1
306,329,1
307,308,1
307,311,1
307,313,1
307,318,1
307,326,1
307,327,1
307,329,1
308,309,1
308,311,1
308,315,1
308,316,1
308,320,1
308,329,1
309,312,1
309,313,1
309,317,1
309,318,1
309,322,1
309,323,1
309,324,1
309,328,1
309,2518,-1
310,314,1
310,319,1
310,321,1
310,324,1
310,327,1
310,1419,-1
310,2381,-1
310,2587,-1
311,317,1
311,323,1
311,324,1
311,325,1
311,1516,-1
312,315,1
312,319,1
312,326,1
313,314,1
313,315,1
313,318,1
313,323,1
313,324,1
313,363,-1
314,316,1
314,319,1
314,322,1
314,323,1
314,324,1
314,325,1
314,328,1
314,329,1
314,434,-1
315,316,1
315,318,1
315,319,1
315,322,1
315,323,-1
315,324,1
315,326,1
315,615,-1
315,772,-1
315,1860,-1
316,317,1
316,319,1
316,324,1
316,327,1
317,322,1
317,324,1
317,326,1
317,1357,-1
318,323,1
318,327,1
319,324,1
319,326,1
320,325,1
320,329,1
321,323,1
321,328,1
321,329,1
322,325,1
322,328,1
322,2516,-1
323,324,1
323,1574,-1
324,326,1
324,327,1
324,328,1
324,329,1
324,2153,-1
325,329,1
326,329,1
326,957,-1
326,1419,-1
326,1536,-1
327,328,1
328,2795,-1
329,905,-1
329,1608,-1
330,334,1
330,339,1
330,340,1
330,341,1
330,350,1
330,359,1
330,2328,-1
331,336,1
331,339,1
331,352,1
331,354,1
331,359,1
331,576,-1
331,756,-1
331,926,-1
331,1735,-1
332,333,1
332,335,1
332,336,1
332,339,1
332,340,1
332,343,1
332,352,1
332,1800,-1
332,2481,-1
333,336,1
333,337,1
333,343,1
333,345,1
333,348,1
333,355,1
333,356,1
333,358,1
333,1211,-1
333,1707,-1
334,335,1
334,344,1
334,347,1
334,349,1
334,351,1
334,352,1
334,353,1
334,354,1
334,946,-1
334,1481,-1
334,1879,-1
334,2202,1
335,344,1
335,345,1
335,348,1
335,349,1
335,352,1
335,359,1
336,337,1
336,342,1
336,345,1
336,346,1
336,1129,-1
336,2864,-1
337,346,1
337,350,1
337,351,1
337,352,1
337,358,1
338,340,1
338,341,1
338,345,1
338,346,1
338,347,1
338,348,1
338,350,1
338,355,1
338,358,1
338,1055,-1
339,340,1
339,342,1
339,344,1
339,346,1
339,349,1
339,351,1
339,355,1
339,356,1
339,359,1
339,651,-1
339,2344,-1
340,342,1
340,346,1
340,349,-1
340,350,1
340,356,1
340,489,-1
340,2801,-1
341,342,1
341,344,1
341,345,1
341,348,1
341,350,1
341,353,1
342,348,1
342,349,1
342,351,1
342,353,1
342,356,1
342,357,1
342,359,1
342,1575,-1
342,2669,-1
343,344,1
343,348,1
343,350,1
343,355,1
344,347,1
344,353,1
344,356,1
344,357,1
344,418,1
344,2883,-1
345,356,1
345,1114,-1
345,2925,-1
346,347,1
346,349,1
346,351,1
346,353,1
346,354,1
346,355,1
346,356,1
346,1024,-1
346,1033,-1
346,1767,-1
347,352,1
347,354,1
347,359,1
347,1393,1
347,2317,-1
348,351,1
348,354,1
348,2397,-1
348,2442,-1
349,352,1
349,354,1
349,356,1
349,530,-1
350,351,1
350,353,1
350,354,1
350,357,1
350,359,1
350,2047,-1
350,2762,-1
351,358,1
351,849,-1
351,1406,-1
351,1742,-1
352,358,1
353,355,1
353,358,1
353,359,1
353,2941,-1
354,358,1
354,359,1
354,1290,-1
355,358,-1
356,359,1
356,1061,-1
357,358,1
357,359,1
358,516,-1
358,2952,-1
359,1754,-1
360,363,1
360,371,1
360,372,1
360,377,1
360,382,1
360,385,1
360,389,1
360,1520,-1
361,363,1
361,366,1
361,368,1
361,377,1
361,378,1
361,381,1
361,383,1
361,388,1
361,657,-1
361,2102,-1
361,2566,-1
362,365,1
362,367,1
362,376,1
362,379,1
362,380,1
362,382,1
362,383,1
362,385,1
362,386,1
362,787,-1
363,365,1
363,366,1
363,367,1
363,368,1
363,369,1
363,372,1
363,376,1
363,378,1
363,382,1
363,384,1
363,385,-1
363,386,1
363,1089,-1
364,368,1
364,371,1
364,372,1
364,374,1
364,377,1
364,381,1
364,382,1
364,384,1
364,388,1
364,1497,-1
364,2301,-1
364,2641,-1
365,367,-1
365,372,1
365,374,1
365,376,1
365,384,1
365,387,1
365,1087,-1
366,368,1
366,370,1
366,380,1
366,2668,-1
367,371,1
367,374,1
367,378,1
367,379,1
367,380,-1
367,383,1
367,386,1
367,389,1
368,369,1
368,373,1
368,374,1
368,375,1
368,376,1
368,379,1
368,389,1
368,522,-1
368,608,-1
369,374,1
369,378,1
369,380,1
369,381,1
369,386,1
369,389,1
370,373,1
370,377,1
370,381,1
370,385,1
370,389,1
370,843,-1
371,374,1
371,375,1
371,378,1
371,379,1
371,388,1
371,389,-1
372,374,1
372,375,1
372,376,1
372,378,1
372,382,1
372,387,1
372,389,1
373,374,1
373,379,1
373,380,1
373,383,1
373,384,1
373,388,1
373,389,1
373,2225,-1
373,2578,-1
373,2920,-1
374,376,1
374,377,1
374,380,1
374,412,-1
375,379,1
375,380,1
375,386,1
375,388,1
375,405,-1
375,728,-1
375,1178,-1
375,1310,-1
376,380,1
376,382,1
376,384,1
376,385,1
376,386,1
376,387,1
376,388,1
376,389,1
377,381,1
377,383,1
377,385,1
377,387,1
377,389,1
377,449,-1
377,644,-1
377,1766,-1
378,379,1
378,384,1
378,386,1
378,388,1
378,389,1
378,2316,-1
378,2667,-1
379,380,1
379,384,1
379,385,1
379,388,1
379,389,1
379,2014,-1
379,2264,-1
379,2676,-1
380,382,1
380,383,1
381,386,1
381,387,1
381,388,1
381,389,1
381,640,-1
382,384,1
382,387,1
382,388,1
382,389,1
382,482,-1
382,889,-1
382,1342,-1
382,1868,-1
382,2605,-1
383,384,1
383,385,1
383,386,1
383,997,-1
383,1291,-1
383,2878,-1
384,385,1
384,388,1
384,416,1
384,2372,-1
384,2511,-1
385,388,1
385,389,1
385,473,-1
386,387,1
386,389,1
386,1040,-1
387,389,1
387,1157,-1
387,2149,1
388,389,1
388,2765,-1
390,393,1
390,396,1
390,399,1
390,400,1
390,406,-1
390,408,1
390,414,1
390,415,1
390,417,1
390,1308,-1
391,395,1
391,396,1
391,398,1
391,400,1
391,402,1
391,405,1
391,410,1
391,414,1
391,415,1
391,418,1
392,393,1
392,396,1
392,397,1
392,398,1
392,399,1
392,400,1
392,401,1
392,402,1
392,411,1
392,413,-1
392,415,1
392,416,1
392,419,1
392,1571,-1
393,395,1
393,401,1
393,409,1
393,410,1
393,413,1
393,416,1
393,417,1
393,418,1
393,419,1
393,1098,-1
393,1278,-1
393,1628,-1
393,2137,-1
394,400,1
394,401,1
394,403,1
394,405,1
394,406,1
394,407,1
394,410,1
394,413,1
394,416,1
394,417,1
394,418,1
395,396,1
395,397,1
395,398,1
395,402,1
395,403,1
395,406,1
395,407,1
395,409,1
395,411,1
395,412,1
395,413,1
395,415,1
395,417,1
395,419,1
395,2097,-1
396,397,1
396,398,1
396,404,1
396,406,1
396,409,1
396,410,1
396,411,1
396,415,1
396,417,1
396,2492,-1
397,400,1
397,402,1
397,411,-1
397,413,1
397,414,1
397,417,1
397,951,-1
397,1535,-1
398,400,1
398,403,1
398,404,1
398,412,1
398,417,1
398,419,1
398,606,-1
399,406,1
399,413,1
399,416,1
399,1050,-1
399,2367,-1
400,405,1
400,407,1
400,413,1
400,2154,-1
401,403,1
401,404,1
401,406,1
401,411,1
401,413,1
401,418,1
401,1312,-1
401,1925,-1
402,404,1
402,407,1
402,410,1
402,414,1
402,417,1
402,418,1
403,404,1
403,408,1
403,412,1
403,417,1
403,419,1
403,2666,-1
404,405,1
404,406,1
404,408,1
404,410,1
404,413,1
404,751,-1
404,1273,-1
404,2516,-1
405,407,1
405,414,1
405,416,1
405,418,1
405,612,-1
405,2038,-1
406,408,1
406,410,1
406,414,1
406,2038,-1
407,414,1
407,415,1
407,1649,-1
408,410,1
408,412,1
408,415,1
408,416,1
409,419,1
409,2666,-1
410,414,1
410,416,1
410,419,1
410,874,-1
410,2449,-1
411,413,1
411,415,1
411,416,1
411,945,-1
411,1544,-1
412,415,1
412,419,1
413,415,1
413,417,1
413,418,1
413,2417,-1
414,1569,-1
415,472,-1
416,419,1
416,840,-1
416,1498,-1
416,1904,-1
417,1088,-1
417,1532,-1
418,2564,-1
420,425,1
420,426,1
420,431,1
420,441,1
420,444,1
420,2264,-1
420,2688,-1
421,423,1
421,424,1
421,425,1
421,426,1
421,428,1
421,429,1
421,437,1
421,440,1
422,423,1
422,430,1
422,433,-1
422,434,1
422,438,1
422,439,1
422,443,1
422,1197,-1
422,1819,-1
422,2562,-1
423,426,1
423,429,1
423,433,1
423,434,1
423,437,1
423,438,1
423,440,1
423,442,1
423,447,1
423,2297,-1
424,426,1
424,431,1
424,436,1
424,440,1
424,444,1
424,445,1
424,1964,-1
424,2690,-1
424,2807,-1
425,426,1
425,429,1
425,431,1
425,437,1
425,438,1
425,446,1
425,1361,-1
426,428,1
426,430,1
426,432,1
426,433,1
426,443,1
426,444,1
426,449,1
426,1163,-1
427,438,1
427,439,1
427,442,1
427,445,1
427,448,1
427,759,-1
428,429,1
428,430,1
428,434,1
428,435,1
428,436,1
428,438,1
428,444,1
428,447,1
428,448,1
429,430,1
429,432,1
429,434,1
429,437,1
429,438,1
429,440,1
429,442,1
429,447,1
429,448,-1
429,1131,-1
429,1870,-1
429,1939,-1
429,2585,-1
430,432,1
430,433,1
430,436,1
430,439,1
430,445,1
430,448,1
431,432,1
431,433,1
431,437,1
431,439,1
432,433,1
432,434,1
432,442,1
432,446,1
432,448,1
432,1397,-1
433,437,1
433,442,1
433,445,1
434,438,1
434,439,1
434,442,1
434,447,1
434,449,1
434,1527,-1
435,437,1
435,438,1
435,443,1
435,1916,-1
436,440,1
436,441,1
436,447,1
436,449,1
437,439,1
437,441,1
437,442,1
437,447,1
437,448,1
437,449,1
437,2579,-1
437,2587,-1
438,445,1
438,446,1
438,447,1
439,441,1
439,442,1
439,443,1
439,445,1
439,446,1
439,1688,-1
440,443,1
440,444,1
440,445,1
440,448,1
440,691,-1
440,1812,-1
440,2953,-1
441,448,1
441,1503,-1
441,2395,-1
442,443,1
442,446,1
442,448,1
442,449,1
443,444,1
443,446,1
444,447,1
444,449,1
444,2495,-1
444,2964,-1
445,448,1
445,584,-1
445,2052,-1
446,448,1
446,449,1
446,1019,-1
446,2727,-1
447,778,-1
447,2703,-1
448,993,-1
448,1806,-1
448,2707,-1
449,2072,-1
450,454,1
450,462,1
450,474,1
450,894,-1
450,1298,-1
450,1601,-1
450,2036,-1
451,463,1
451,465,1
452,467,1
452,2465,-1
452,2637,-1
453,466,1
453,1003,1
454,533,-1
454,2557,-1
455,458,1
455,463,1
455,469,1
456,477,1
456,1264,-1
456,2331,-1
457,471,1
457,475,1
458,460,1
458,461,1
458,478,1
458,479,1
458,1158,-1
458,1358,-1
459,462,1
459,907,-1
459,2013,-1
459,2135,-1
460,463,1
460,1869,-1
460,2498,-1
461,476,1
462,468,-1
462,2618,-1
463,464,1
463,472,1
463,474,1
463,478,1
463,532,-1
463,1315,-1
463,2386,-1
464,465,1
464,475,1
465,473,1
466,1537,-1
467,931,-1
467,2266,-1
468,1393,-1
469,1458,-1
470,473,1
470,1785,-1
470,2616,-1
471,2633,-1
472,792,-1
473,1675,-1
473,2573,-1
473,2673,-1
474,478,-1
474,1683,-1
474,2025,-1
474,2834,-1
475,1667,-1
479,652,-1
479,2968,-1
480,483,1
480,490,1
480,2576,-1
480,2835,-1
481,494,1
481,495,-1
481,504,-1
482,503,1
482,2239,-1
482,2696,-1
483,493,1
483,1318,-1
484,503,1
484,992,-1
484,1926,-1
484,2622,-1
485,506,1
485,1969,-1
486,491,1
486,1424,-1
486,2110,-1
486,2476,-1
486,2604,-1
487,488,1
487,499,1
488,502,1
488,503,1
489,493,1
489,2908,-1
491,501,1
491,506,1
491,598,-1
492,499,1
492,500,1
492,505,1
493,706,-1
493,1309,-1
494,505,1
494,508,1
494,2816,-1
495,501,1
495,507,1
495,1516,-1
495,2886,-1
496,497,1
498,509,1
498,1719,-1
498,2455,-1
498,2860,-1
499,502,-1
499,1303,-1
499,2511,-1
500,1673,-1
500,2872,-1
501,507,1
502,506,1
502,970,-1
503,673,-1
504,1436,-1
504,2705,-1
504,2751,-1
506,1485,-1
506,1520,-1
506,2565,-1
506,2716,-1
508,1612,-1
508,2559,-1
509,2862,-1
510,513,1
510,517,1
510,527,1
510,529,1
510,531,1
510,534,1
511,531,1
511,1878,-1
511,2098,-1
511,2576,-1
512,523,1
512,539,1
513,515,1
513,958,-1
513,963,-1
514,520,1
514,2968,-1
515,537,1
515,896,-1
515,2050,-1
515,2568,-1
516,522,1
516,530,1
517,531,1
518,525,1
518,535,1
518,2600,-1
519,521,1
519,531,1
519,2029,-1
519,2794,-1
522,528,1
522,533,1
523,1459,-1
523,2385,-1
523,2555,-1
523,2855,-1
524,539,1
524,2066,-1
525,529,1
526,539,-1
528,529,1
528,816,-1
528,1378,-1
528,1398,-1
528,2684,-1
529,2802,-1
530,1480,-1
530,2314,-1
531,1603,-1
532,535,1
532,717,-1
532,2128,-1
533,534,1
533,830,-1
533,1333,-1
533,2371,-1
533,2827,-1
534,1729,-1
535,538,1
535,827,-1
536,537,1
538,896,-1
539,1050,-1
540,546,1
540,2028,-1
541,545,1
541,548,1
542,545,1
542,548,1
542,557,1
542,566,1
542,567,1
542,568,1
543,564,1
543,1770,-1
543,1786,-1
544,564,1
545,549,1
545,558,1
545,569,1
545,599,-1
545,2475,-1
546,552,1
546,2143,1
547,553,1
547,561,1
548,554,1
549,550,1
549,558,1
549,564,1
549,2490,-1
550,561,1
550,563,1
550,1814,-1
551,559,1
551,564,1
552,564,1
552,1688,-1
552,2231,-1
552,2613,-1
552,2673,-1
553,554,1
553,562,1
553,849,-1
553,1065,-1
553,1725,1
554,664,-1
555,556,1
555,1601,-1
556,563,1
557,1016,-1
558,2433,-1
559,568,1
559,2899,-1
560,565,1
560,1836,-1
560,2466,-1
562,2300,-1
563,564,1
563,582,-1
563,1196,-1
564,605,-1
564,2405,-1
567,2348,-1
569,599,-1
570,571,1
570,580,1
570,596,1
570,1849,-1
571,581,1
572,574,1
572,586,1
572,1396,-1
573,586,1
573,1385,-1
574,1300,-1
575,590,1
576,579,1
576,1741,-1
577,581,1
577,599,1
577,1546,-1
577,2022,-1
578,586,1
578,597,1
578,2470,-1
578,2598,-1
579,587,1
579,596,1
580,596,1
580,1614,-1
580,2058,-1
581,589,1
581,595,1
581,1747,-1
581,2041,-1
581,2256,-1
582,585,1
582,598,1
582,1351,-1
583,599,1
583,1841,-1
583,2265,-1
584,593,1
584,1195,-1
584,1450,-1
584,1762,-1
584,2965,-1
585,1547,-1
586,1148,-1
586,1663,-1
588,594,1
588,916,-1
589,1381,-1
590,592,1
591,594,1
592,1144,-1
592,2490,-1
593,594,1
594,2573,-1
597,598,1
597,1772,-1
597,1931,-1
599,877,-1
599,2054,-1
599,2318,-1
600,609,1
601,603,1
601,1361,-1
601,2121,-1
601,2654,-1
602,605,1
602,979,-1
603,608,1
603,625,1
603,1916,-1
604,618,1
604,625,1
604,1835,-1
606,609,1
606,610,1
606,611,1
606,621,1
607,629,1
607,792,-1
608,615,1
608,1957,-1
609,620,1
610,2176,-1
611,2791,-1
612,626,1
613,623,1
614,625,1
615,992,-1
615,1067,-1
615,1664,-1
616,627,1
617,629,1
618,1396,-1
619,620,1
620,2591,-1
621,624,1
621,2985,-1
622,626,1
622,1173,-1
622,2228,-1
623,628,1
623,1950,-1
624,953,-1
624,1854,-1
625,1889,-1
627,1585,-1
628,1680,-1
629,1107,-1
630,639,1
630,641,1
630,647,1
631,642,1
631,651,1
631,1071,-1
631,1443,-1
632,648,1
633,651,1
633,1275,-1
633,2276,-1
634,652,1
634,751,-1
634,1576,-1
635,647,1
635,2352,-1
636,638,1
636,1471,-1
637,638,1
637,639,1
637,642,1
637,1649,-1
638,639,1
638,649,1
639,1443,-1
640,643,1
640,654,1
640,2724,-1
641,654,1
641,727,-1
641,2950,-1
642,653,1
642,657,1
642,659,1
642,2226,-1
644,649,1
644,2201,-1
645,654,1
645,1129,-1
646,656,1
646,1004,-1
646,1254,-1
648,655,1
648,2243,-1
648,2663,-1
649,650,1
649,759,-1
649,1122,-1
649,2569,-1
650,658,1
650,780,-1
650,2245,-1
651,653,1
651,2339,-1
651,2478,-1
652,1855,-1
654,655,1
654,656,1
654,1278,-1
654,1681,-1
654,2691,-1
654,2911,-1
656,659,1
656,1694,-1
657,893,-1
658,2357,-1
658,2408,-1
658,2848,-1
659,2764,-1
660,669,1
660,2985,-1
661,664,1
661,668,1
661,677,1
662,675,1
662,680,1
662,2042,-1
663,673,1
663,678,1
663,682,1
663,2163,-1
664,680,1
664,1093,-1
664,2232,-1
665,675,1
666,667,1
666,674,1
666,681,1
666,2370,-1
667,676,1
667,923,-1
668,1194,-1
668,1453,-1
668,1867,-1
669,684,-1
669,688,1
670,672,1
670,675,1
670,684,1
670,1168,-1
670,2887,-1
671,678,1
672,679,1
672,995,-1
673,686,1
673,2071,-1
674,689,1
674,874,-1
674,1441,-1
674,1887,-1
675,697,-1
675,1208,-1
675,1367,1
675,2998,-1
676,678,1
676,2547,-1
677,683,1
678,685,1
679,876,-1
680,681,1
681,687,1
681,820,-1
681,2765,-1
681,2927,-1
682,1044,-1
683,684,1
684,1903,-1
684,2615,1
686,791,-1
686,953,-1
686,1323,-1
690,711,1
690,1318,-1
691,698,1
692,701,1
692,715,1
692,2062,-1
693,714,1
693,1291,-1
694,709,1
694,719,1
695,702,1
695,1607,-1
695,1795,-1
695,2817,-1
696,706,1
696,718,1
696,1643,-1
696,2984,-1
697,698,1
697,1296,-1
697,2266,-1
698,700,1
698,710,1
698,711,1
699,711,1
699,903,-1
700,714,1
700,717,1
700,735,-1
700,1629,-1
701,2826,-1
702,717,1
702,719,1
702,1930,-1
703,710,1
703,845,-1
703,2983,1
704,715,1
704,717,1
705,712,1
705,716,1
705,2741,-1
706,1756,-1
706,1969,-1
707,718,1
707,1224,-1
707,2029,-1
708,709,1
708,1156,-1
708,1333,-1
708,1882,-1
709,719,-1
710,1519,-1
710,1931,-1
711,2743,-1
712,2532,-1
713,716,1
713,1915,-1
713,2466,-1
715,1516,-1
716,719,1
716,2538,-1
719,1349,-1
720,724,1
720,743,1
720,746,1
720,1383,-1
721,723,1
721,728,1
721,734,1
721,2135,-1
722,739,1
722,746,1
723,729,-1
723,745,1
723,788,-1
723,952,-1
724,735,1
724,737,1
724,1397,-1
724,1473,-1
725,732,1
725,734,1
725,1021,-1
725,2557,-1
726,738,1
726,1406,-1
727,745,1
727,1901,-1
729,730,1
729,733,1
729,747,1
729,769,-1
729,2082,-1
730,744,1
730,767,-1
730,1742,-1
731,735,1
731,748,1
731,878,-1
732,741,1
732,748,-1
732,2309,-1
733,741,1
733,970,-1
733,1118,-1
734,736,1
734,745,1
734,747,1
734,1766,-1
734,2597,-1
735,740,-1
735,742,1
736,740,1
736,1418,-1
736,1589,-1
736,2185,-1
736,2401,-1
736,2676,-1
737,743,1
737,745,1
738,742,1
739,1089,-1
739,2147,-1
740,742,1
740,749,1
740,1392,-1
741,1900,-1
741,2113,-1
742,747,1
742,2471,-1
743,745,1
743,1399,-1
743,2603,-1
744,746,1
744,2739,-1
746,748,1
746,864,-1
748,1189,-1
748,1840,-1
748,2061,-1
749,1772,-1
749,2892,-1
750,759,1
750,767,1
750,1760,-1
751,753,1
751,763,-1
751,778,-1
752,757,1
752,1364,-1
752,2709,-1
753,766,1
753,772,1
753,775,1
753,1030,-1
754,762,1
754,1418,-1
755,757,1
755,760,1
756,773,1
756,1584,-1
756,1619,-1
756,2502,-1
756,2982,-1
757,763,1
757,773,1
757,2097,-1
758,759,1
758,774,1
758,1276,-1
759,1325,-1
760,761,1
760,2438,-1
761,770,1
761,779,1
761,1022,-1
761,1095,-1
761,2284,-1
761,2800,-1
761,2994,-1
762,771,1
762,2907,-1
763,764,1
763,2464,-1
765,774,1
765,952,-1
766,776,1
766,953,-1
766,1144,-1
766,1632,-1
767,775,1
767,779,1
767,1398,-1
768,772,1
768,773,1
768,2046,-1
769,778,-1
771,776,1
772,2043,-1
775,776,1
775,1221,-1
775,2088,-1
776,2085,-1
776,2286,-1
777,778,1
777,2565,-1
778,991,-1
778,2631,-1
779,1311,-1
779,2381,-1
779,2452,-1
780,789,1
780,794,1
780,805,1
780,2329,-1
781,807,1
781,809,1
781,1221,-1
781,2229,-1
781,2423,-1
781,2779,-1
782,785,1
782,787,1
782,797,1
782,798,1
782,1600,-1
782,2963,-1
783,799,1
784,787,1
784,791,1
784,809,1
785,788,-1
785,800,1
785,1169,-1
785,1187,-1
785,2364,-1
786,791,1
786,1975,1
787,796,1
787,803,1
787,805,1
787,1000,-1
787,1275,-1
788,1265,-1
788,1888,-1
789,1967,-1
789,2899,-1
790,805,1
790,1827,-1
791,794,1
791,801,1
791,1319,1
792,806,1
792,1006,-1
793,796,1
794,2266,-1
794,2930,-1
795,808,1
795,907,-1
797,807,1
797,881,-1
797,1970,-1
797,2648,-1
798,1632,-1
798,1864,-1
799,1062,-1
799,2454,-1
799,2885,-1
800,1412,-1
801,2187,-1
801,2562,-1
802,804,1
804,1865,1
804,2631,-1
805,2538,-1
806,809,1
807,1728,-1
807,2431,-1
807,2440,-1
807,2941,-1
809,2592,-1
809,2651,-1
809,2695,-1
810,823,1
810,827,1
810,831,1
811,824,1
812,819,1
812,821,1
812,837,1
812,841,-1
812,1108,-1
813,826,1
813,834,1
813,2752,-1
814,820,1
814,828,1
815,839,1
815,2548,-1
816,823,1
816,1024,-1
816,1704,-1
816,2222,-1
816,2594,-1
817,824,1
817,825,1
817,1180,-1
817,2817,-1
818,819,1
818,1777,-1
819,1528,-1
820,823,1
820,826,1
820,829,1
820,836,1
820,1033,-1
820,2328,-1
821,822,1
821,2761,-1
822,827,1
822,833,1
822,2881,-1
823,824,1
823,834,1
823,839,1
823,1450,-1
824,834,1
824,973,-1
824,2183,-1
826,1423,-1
826,1499,-1
828,1775,-1
829,1090,-1
829,1456,-1
830,831,1
830,832,1
830,836,1
830,1008,-1
830,2600,-1
831,835,1
833,1636,-1
833,2340,-1
834,871,-1
835,839,1
835,2610,-1
837,950,-1
837,1185,-1
837,1682,-1
837,2167,-1
837,2852,-1
838,839,1
838,2144,-1
839,1113,-1
839,2082,-1
840,852,1
840,859,1
840,861,1
841,854,1
841,855,1
841,1808,-1
842,861,1
842,2342,-1
843,853,1
844,850,1
844,855,1
844,2051,-1
845,848,1
845,1534,-1
845,2512,-1
846,868,1
847,856,1
847,865,1
847,869,1
848,1173,-1
848,2666,-1
849,867,1
849,1994,-1
850,1894,-1
851,854,1
851,859,1
851,863,1
851,2023,-1
852,853,1
853,854,1
853,1125,-1
853,2857,-1
853,2953,-1
854,869,1
854,921,-1
855,1654,-1
855,1655,-1
857,858,1
857,860,1
857,862,1
857,2886,-1
858,864,1
858,923,-1
858,1067,-1
859,869,1
859,2228,-1
861,866,1
861,869,1
861,2859,-1
862,1356,-1
862,1970,-1
862,2356,-1
863,996,-1
865,1429,-1
866,1805,-1
866,2732,-1
867,979,-1
867,2604,-1
869,2674,-1
870,896,1
871,885,1
871,888,1
872,873,1
872,876,1
872,889,1
872,1053,-1
872,1620,-1
872,1915,-1
873,894,1
873,980,-1
873,1383,-1
874,888,1
874,2939,-1
875,883,1
875,884,1
875,892,1
875,1522,-1
875,1866,-1
876,885,1
876,891,1
877,882,1
877,888,1
877,1057,-1
877,1359,-1
877,1751,-1
878,894,1
879,887,1
879,895,1
879,1254,-1
879,2745,-1
880,886,1
880,2352,-1
881,895,1
881,1098,-1
881,2168,-1
882,894,1
882,2322,-1
882,2668,-1
883,899,1
884,887,1
884,894,1
884,896,1
885,890,1
885,896,1
885,898,1
886,892,1
887,895,1
887,1069,-1
887,2156,-1
887,2179,-1
888,2446,-1
888,2901,1
889,897,1
889,1780,-1
891,1117,-1
892,1190,-1
892,2639,-1
892,2779,-1
893,895,1
893,1322,-1
894,2168,-1
894,2829,-1
895,2183,-1
896,1461,-1
896,2630,-1
898,1130,-1
898,2208,-1
899,1966,-1
899,2096,-1
899,2216,-1
899,2370,-1
899,2475,-1
900,1157,-1
900,1772,-1
900,2559,-1
900,2578,-1
901,1416,-1
903,2903,-1
904,1637,-1
905,2028,-1
905,2668,-1
907,1254,-1
911,1168,-1
911,2023,-1
911,2299,-1
915,1546,-1
915,2334,-1
918,1344,-1
918,2363,-1
919,2372,-1
919,2565,-1
922,2460,-1
923,964,-1
923,2485,-1
924,1495,1
926,1818,-1
926,2787,-1
926,2997,-1
927,1970,-1
927,2717,-1
928,2693,-1
929,2090,-1
929,2523,-1
931,1060,-1
932,1533,-1
933,2596,-1
937,1263,-1
937,2092,-1
937,2234,-1
940,2591,-1
941,1662,-1
942,2420,-1
945,1500,-1
945,1720,-1
946,1609,-1
946,2507,-1
947,1121,-1
949,1004,-1
949,2764,-1
950,1537,-1
950,1742,-1
950,2609,-1
950,2929,-1
951,1501,-1
951,1863,-1
954,2010,-1
955,2087,-1
957,1059,-1
958,2368,-1
959,2699,-1
960,1429,-1
961,1628,-1
962,1131,-1
962,1447,-1
962,2645,-1
963,1213,-1
965,1774,-1
965,2458,-1
966,2007,-1
966,2915,-1
970,1455,-1
972,1207,-1
972,1387,-1
972,2224,1
973,1250,-1
973,1856,-1
974,1011,-1
975,1836,-1
975,2334,-1
976,2913,-1
977,2726,-1
978,2888,-1
979,1831,-1
979,2010,-1
979,2616,-1
979,2796,-1
979,2804,-1
981,2309,-1
981,2696,-1
982,2784,-1
984,2133,-1
984,2671,-1
984,2893,-1
985,2901,-1
986,1215,-1
987,2359,-1
989,1393,-1
989,1692,-1
989,1782,-1
991,2198,-1
993,1818,-1
993,2002,-1
995,1094,-1
997,1777,-1
997,2822,-1
999,1464,-1
1002,2494,-1
1002,2943,-1
1002,2994,-1
1004,1155,-1
1005,2609,-1
1006,2618,-1
1007,1210,-1
1007,2023,-1
1007,2995,-1
1009,1673,-1
1009,1784,-1
1010,2437,-1
1014,1167,-1
1015,2445,-1
1017,1093,-1
1018,1099,-1
1018,2153,-1
1018,2830,-1
1019,1365,-1
1021,1356,-1
1021,1993,-1
1021,2052,-1
1022,1626,-1
1022,1657,-1
1022,1768,-1
1023,1758,1
1024,1083,-1
1024,1439,-1
1025,2801,-1
1027,1156,-1
1028,1876,-1
1031,1803,-1
1033,1354,-1
1033,1833,-1
1033,2104,-1
1035,2213,-1
1038,1466,-1
1038,1734,-1
1041,2119,-1
1044,1482,-1
1047,2048,-1
1047,2992,-1
1048,2744,-1
1050,1781,-1
1053,1656,-1
1053,2866,-1
1055,1474,-1
1055,2799,-1
1056,1333,-1
1056,1347,-1
1056,1678,-1
1056,1722,-1
1056,2469,-1
1058,2343,-1
1060,2806,-1
1062,1916,-1
1062,2663,-1
1062,2856,-1
1063,1687,-1
1063,1706,-1
1064,2687,-1
1065,1293,-1
1066,2274,-1
1066,2352,-1
1068,2603,-1
1069,1767,-1
1070,1246,-1
1070,2287,-1
1071,1980,-1
1072,2779,-1
1075,2612,-1
1076,2172,-1
1077,1609,-1
1077,2247,-1
1081,2989,-1
1084,1406,-1
1084,2267,-1
1088,1473,-1
1088,2609,-1
1089,1375,-1
1089,1866,-1
1090,2923,-1
1091,2131,-1
1091,2441,-1
1093,1603,-1
1093,2760,-1
1093,2908,1
1094,2043,-1
1095,1446,-1
1095,2099,-1
1097,1718,-1
1097,2716,-1
1100,2580,-1
1101,1299,-1
1101,1807,-1
1101,2468,-1
1102,1486,-1
1103,2268,-1
1106,2209,-1
1107,1229,-1
1107,1399,-1
1108,2457,-1
1112,1866,-1
1113,1932,-1
1114,2896,-1
1115,1254,-1
1115,1973,-1
1115,2734,-1
1118,2469,-1
1118,2677,-1
1121,1963,-1
1122,2456,-1
1123,1842,-1
1123,2112,-1
1125,1436,-1
1125,2023,-1
1125,2985,-1
1126,2881,-1
1130,2274,-1
1130,2828,-1
1131,1277,-1
1131,1507,-1
1132,1630,-1
1132,2963,-1
1134,2194,-1
1134,2993,-1
1136,1181,-1
1136,1860,-1
1137,1904,-1
1137,2948,-1
1139,1490,-1
1139,1590,-1
1139,1891,-1
1141,1385,-1
1142,1395,-1
1145,2512,-1
1147,2761,-1
1148,2268,-1
1149,2129,-1
1151,1540,-1
1151,2077,-1
1153,2260,-1
1153,2987,-1
1155,2261,-1
1156,1558,-1
1156,1591,-1
1157,1781,-1
1159,1612,-1
1160,2650,-1
1161,1532,-1
1162,2668,-1
1163,1295,-1
1166,1291,-1
1168,2349,-1
1169,2358,-1
1172,1362,-1
1172,1611,-1
1172,1873,-1
1174,1383,-1
1175,2024,-1
1176,1996,-1
1177,1642,-1
1177,1931,-1
1177,1999,-1
1179,1419,-1
1179,1931,-1
1180,1782,-1
1180,2360,-1
1180,2643,-1
1180,2655,-1
1184,2691,-1
1185,2066,-1
1186,2572,-1
1188,1630,-1
1189,1398,-1
1190,2818,-1
1192,1521,-1
1192,2818,-1
1194,2683,-1
1196,1508,-1
1196,1755,-1
1196,2507,1
1197,1359,-1
1201,2144,-1
1204,1935,-1
1205,2205,-1
1209,1448,-1
1211,2852,-1
1212,1331,-1
1213,1445,-1
1214,1253,-1
1214,1687,-1
1214,1909,-1
1214,2350,-1
1219,2515,-1
1220,1803,-1
1221,2257,-1
1224,2248,-1
1225,2118,-1
1226,2005,1
1226,2848,-1
1229,1623,-1
1230,2843,-1
1231,1558,-1
1232,1407,-1
1232,2454,-1
1234,2825,-1
1237,2682,-1
1238,1449,-1
1238,2950,-1
1239,2469,-1
1240,2492,-1
1242,1431,-1
1242,1734,-1
1244,2953,-1
1245,2754,-1
1248,2561,-1
1249,1360,1
1249,1598,-1
1249,2592,-1
1249,2869,-1
1253,1779,-1
1256,1620,-1
1259,1634,-1
1259,2311,-1
1260,2750,-1
1262,1559,-1
1262,1566,-1
1263,2598,-1
1264,1718,-1
1264,2545,-1
1264,2698,-1
1265,1771,-1
1266,2464,-1
1267,1901,-1
1268,2125,-1
1269,1639,-1
1269,1851,-1
1269,2782,-1
1271,1939,-1
1271,2201,-1
1272,2214,-1
1272,2853,-1
1273,1706,-1
1273,1763,-1
1278,1867,-1
1278,2138,-1
1278,2704,-1
1279,2129,-1
1280,1741,1
1281,1555,-1
1283,2457,-1
1285,2061,-1
1286,1826,-1
1286,2564,-1
1289,1708,-1
1290,2780,-1
1291,1509,-1
1293,1728,-1
1295,1359,-1
1296,2011,-1
1297,2520,-1
1297,2589,-1
1298,1664,-1
1299,1837,-1
1300,1489,-1
1300,2182,-1
1303,2384,-1
1306,1456,-1
1309,2682,-1
1310,2527,-1
1313,1769,-1
1313,2093,-1
1316,1736,-1
1316,2407,-1
1316,2715,-1
1317,2149,-1
1318,2278,-1
1318,2478,-1
1319,1460,-1
1320,1791,-1
1321,1692,-1
1323,1448,-1
1325,1980,-1
1325,2054,-1
1326,2195,-1
1327,1372,-1
1328,2770,-1
1330,1447,-1
1330,2893,-1
1331,2299,-1
1331,2790,-1
1333,2616,-1
1336,2773,-1
1336,2868,-1
1341,1423,-1
1341,1885,-1
1342,1569,-1
1343,1801,-1
1344,1817,-1
1345,2420,-1
1347,2429,-1
1350,1467,-1
1351,1583,-1
1351,2502,-1
1354,1502,-1
1354,2243,-1
1356,1468,-1
1357,1726,-1
1357,2924,-1
1358,2977,1
1359,1463,-1
1359,2810,-1
1360,1451,-1
1360,1909,-1
1361,2208,-1
1363,2491,-1
1363,2977,-1
1365,2398,-1
1366,1460,-1
1366,2215,-1
1367,2003,-1
1368,2218,-1
1368,2220,-1
1368,2329,-1
1368,2730,-1
1370,1491,-1
1370,2510,-1
1371,2644,-1
1371,2766,-1
1373,2090,-1
1373,2100,-1
1374,1733,-1
1374,2372,-1
1374,2473,-1
1376,1565,-1
1376,1649,-1
1376,2004,-1
1376,2277,-1
1376,2289,-1
1377,2227,-1
1377,2408,-1
1379,1692,-1
1379,2893,-1
1380,2217,-1
1382,2119,-1
1383,1834,-1
1384,2464,-1
1384,2901,-1
1385,2397,-1
1386,2180,-1
1387,1524,-1
1387,1918,-1
1388,1685,-1
1390,2786,-1
1390,2837,-1
1392,1903,-1
1394,2097,-1
1396,2255,-1
1397,1736,-1
1398,1636,-1
1398,1744,-1
1400,1464,-1
1400,2142,-1
1402,2638,-1
1404,2732,-1
1408,2095,-1
1408,2128,-1
1411,1866,-1
1412,1988,-1
1413,1848,-1
1413,2349,-1
1414,2836,-1
1415,1489,-1
1416,1823,-1
1419,1801,-1
1419,2580,-1
1420,2933,-1
1422,2499,-1
1423,2106,-1
1425,1987,-1
1425,1993,-1
1425,2676,-1
1426,2991,-1
1428,2822,-1
1431,2561,-1
1433,1481,-1
1433,1845,-1
1433,2713,-1
1435,2247,-1
1436,2643,-1
1438,2681,-1
1438,2861,-1
1439,2963,-1
1440,1736,-1
1441,2999,-1
1447,2536,-1
1448,2876,-1
1449,2204,-1
1452,2016,-1
1454,2853,-1
1455,2836,-1
1456,2019,-1
1456,2201,-1
1456,2519,-1
1458,1675,-1
1458,2981,-1
1459,1579,-1
1460,1539,-1
1462,1516,-1
1462,2375,-1
1462,2500,-1
1463,1507,-1
1463,2421,-1
1463,2552,-1
1464,2508,-1
1470,2710,-1
1474,1569,-1
1474,2357,-1
1474,2441,-1
1476,2722,-1
1477,1548,-1
1477,2751,-1
1479,2027,-1
1480,1696,-1
1480,2886,-1
1483,2606,-1
1485,2010,-1
1486,1834,-1
1486,2353,-1
1487,1758,-1
1487,2176,-1
1489,1956,-1
1489,2432,-1
1490,1897,-1
1491,2086,-1
1493,1863,-1
1493,1901,-1
1494,1542,-1
1500,1506,1
1500,1517,1
1501,1503,1
1501,1508,1
1501,1512,1
1501,1513,1
1501,1809,-1
1502,1505,1
1502,1507,1
1502,1513,1
1502,2427,-1
1502,2449,-1
1503,1507,1
1503,1510,1
1503,1512,1
1503,1514,1
1503,1519,1
1503,1613,-1
1503,1893,-1
1503,1976,-1
1503,2046,-1
1504,1513,1
1505,1519,1
1506,1507,1
1506,1511,1
1507,1513,1
1507,1516,1
1508,1514,1
1508,1795,-1
1508,2030,-1
1508,2369,-1
1508,2988,-1
1509,1511,1
1509,1519,1
1509,2111,-1
1510,1518,1
1511,1773,-1
1512,1514,-1
1512,1515,1
1513,1519,1
1513,2652,-1
1515,1669,-1
1515,2063,-1
1516,1517,1
1516,2608,-1
1519,1602,-1
1519,2369,-1
1520,2926,-1
1523,2143,-1
1524,1782,-1
1525,2646,-1
1528,2074,-1
1530,1539,1
1530,1542,1
1530,1545,1
1530,1546,1
1530,1547,1
1530,2279,-1
1531,1534,1
1531,1540,1
1531,1545,1
1531,2942,-1
1532,1547,1
1532,1548,1
1532,2137,-1
1533,1541,1
1533,1542,1
1533,1543,1
1533,1549,1
1534,1537,1
1534,1544,1
1534,1583,-1
1534,2488,-1
1535,1536,1
1535,1541,1
1535,1543,1
1535,1842,-1
1536,1538,1
1536,1543,1
1536,1721,-1
1536,2844,-1
1538,1545,1
1539,1541,1
1539,1548,1
1540,1545,1
1540,1546,1
1540,1549,1
1540,2653,-1
1541,1542,1
1541,1548,1
1541,2587,-1
1541,2966,-1
1542,1548,1
1542,2550,-1
1542,2847,-1
1543,1546,1
1543,2181,-1
1544,1547,1
1544,1718,-1
1545,2442,-1
1546,1547,1
1549,1777,-1
1552,2547,-1
1555,2571,-1
1556,2120,-1
1558,2934,-1
1560,1564,1
1560,1571,1
1560,1572,1
1560,2994,-1
1561,1565,1
1561,1570,1
1561,1574,1
1561,1576,1
1561,2502,-1
1562,1566,1
1562,1568,1
1562,1571,1
1562,1579,1
1562,1773,-1
1563,1566,1
1563,1570,1
1563,1579,1
1564,1575,1
1564,1577,1
1564,1578,1
1565,1569,1
1566,1578,1
1566,1579,1
1567,1579,1
1568,1816,-1
1568,2063,-1
1568,2813,-1
1568,2966,-1
1569,1573,1
1569,1576,1
1569,1579,1
1570,1572,1
1570,1578,1
1571,1579,1
1572,2924,-1
1573,1574,1
1573,1577,1
1574,1576,1
1574,1578,1
1575,1576,1
1575,1578,-1
1577,2194,-1
1581,2834,-1
1583,2801,-1
1589,1916,-1
1590,1594,1
1590,1600,1
1591,1607,1
1591,2182,-1
1592,1594,1
1592,1947,-1
1593,1595,1
1593,1598,1
1593,1599,1
1593,2823,-1
1594,1602,1
1594,1606,1
1594,1607,1
1594,1609,1
1595,1602,1
1595,1603,1
1595,1865,-1
1596,1597,1
1596,1607,1
1597,1603,1
1598,1604,1
1598,1605,1
1598,1609,1
1598,2171,-1
1599,1605,1
1599,1607,1
1601,1603,1
1601,1605,1
1602,1603,1
1602,1606,1
1602,2010,-1
1603,1605,1
1604,1910,-1
1606,2744,-1
1606,2821,-1
1607,1609,1
1608,1609,1
1608,2001,-1
1609,2782,-1
1610,2667,-1
1611,2854,-1
1613,2488,-1
1613,2758,-1
1615,2854,-1
1616,1713,-1
1616,1736,-1
1619,2345,-1
1620,1630,1
1620,1635,1
1620,2270,-1
1620,2982,-1
1621,1622,1
1621,1623,1
1621,1625,1
1621,1626,1
1621,1630,1
1621,1745,-1
1621,2656,-1
1622,1623,1
1622,1627,1
1622,1632,1
1622,1639,1
1623,1624,1
1623,1627,1
1623,1629,1
1623,1635,1
1623,1636,1
1623,1638,1
1623,1639,1
1623,1955,-1
1624,1628,1
1625,1629,1
1625,1632,1
1625,2272,-1
1625,2738,-1
1626,1632,1
1626,1931,-1
1626,2135,-1
1627,1628,1
1627,1633,1
1627,1910,-1
1628,1629,1
1628,1631,1
1629,1638,1
1630,1637,1
1633,1636,1
1633,1637,-1
1633,1912,-1
1634,1635,1
1634,1636,1
1634,1638,1
1635,2649,-1
1637,1638,1
1637,2105,-1
1637,2644,-1
1637,2736,-1
1641,2372,-1
1641,2531,-1
1641,2950,-1
1645,1987,-1
1645,2338,-1
1647,2670,-1
1648,2428,-1
1649,2285,1
1649,2793,-1
1650,1664,1
1651,1653,1
1651,1654,1
1651,1655,1
1651,1661,1
1651,1662,1
1651,1859,-1
1651,2432,-1
1652,1662,1
1653,1668,1
1654,1665,1
1654,1666,1
1655,1657,1
1655,1668,1
1655,1669,1
1656,1658,1
1656,2490,-1
1656,2921,-1
1657,1663,1
1657,1989,-1
1657,2049,-1
1658,1659,1
1658,1661,1
1658,1665,1
1658,1669,1
1659,1664,1
1660,1664,1
1660,1667,1
1660,2699,-1
1661,1667,1
1662,1665,1
1662,1667,1
1664,1666,1
1664,1667,1
1664,2128,-1
1666,2967,-1
1667,1668,1
1668,1669,1
1668,2037,-1
1669,2105,-1
1669,2583,-1
1670,1948,-1
1671,2681,-1
1672,2548,-1
1673,2598,-1
1673,2666,-1
1675,2055,-1
1676,2617,-1
1679,2291,-1
1680,1683,1
1680,1816,-1
1680,2755,-1
1681,1687,1
1681,1690,1
1681,1692,1
1682,1689,1
1682,1690,1
1682,2540,-1
1683,1684,1
1683,1685,1
1683,1690,1
1683,1691,1
1683,1692,1
1683,1696,1
1683,1699,1
1684,2543,-1
1686,1693,1
1686,1694,1
1686,1697,1
1686,1698,1
1686,1856,-1
1687,1691,1
1687,1698,1
1688,1694,1
1688,2093,-1
1689,1690,1
1689,1694,1
1689,1696,1
1690,1694,1
1690,1695,1
1691,1693,1
1691,1694,1
1691,1695,1
1691,1698,1
1691,2264,-1
1692,1698,1
1694,1696,1
1695,1699,1
1695,1778,-1
1696,1699,1
1696,2149,-1
1696,2525,-1
1696,2786,-1
1697,2475,-1
1704,1805,-1
1704,2682,-1
1706,2069,-1
1707,2687,-1
1709,2703,-1
1710,1712,1
1710,1725,1
1711,1712,1
1711,1714,1
1711,1721,1
1711,1727,1
1712,1714,1
1712,1715,1
1712,1723,1
1713,1714,1
1713,1719,1
1713,1723,1
1713,1724,1
1714,1718,1
1714,1966,-1
1716,1717,1
1716,1722,1
1716,1724,1
1716,1728,1
1716,2742,-1
1718,1723,1
1718,2805,-1
1720,1725,1
1722,1729,1
1723,1724,1
1723,1727,1
1723,1728,1
1723,2561,-1
1724,1727,1
1724,2737,-1
1725,1729,1
1726,1727,1
1726,2532,-1
1728,2038,-1
1729,2044,-1
1730,2874,-1
1734,1965,-1
1735,2771,-1
1736,2040,-1
1740,1745,1
1740,1753,1
1740,1755,1
1741,1748,1
1741,1752,1
1741,2412,-1
1741,2749,-1
1742,1749,1
1742,1753,1
1742,1755,1
1743,1751,1
1743,1756,1
1743,1759,1
1743,2653,-1
1743,2800,-1
1743,2949,-1
1744,1759,1
1744,2918,-1
1745,1747,1
1745,1749,1
1745,1759,1
1746,1748,1
1746,1751,1
1746,2528,-1
1747,1752,1
1747,1757,1
1747,2078,-1
1748,1750,1
1748,1754,1
1748,1756,1
1748,1759,1
1749,1752,1
1749,2503,-1
1750,1757,1
1750,1759,1
1752,1759,1
1753,2641,-1
1753,2953,-1
1754,1755,1
1755,1757,1
1755,1758,1
1755,1823,-1
1756,1759,1
1758,2302,-1
1760,2557,-1
1763,2693,-1
1764,2276,1
1764,2633,-1
1768,2209,-1
1768,2453,-1
1770,1771,1
1770,1783,1
1770,1787,1
1770,2351,-1
1771,1775,1
1771,2720,-1
1772,1773,1
1772,1774,1
1772,1781,1
1772,2351,1
1773,1775,1
1773,1781,1
1773,1786,1
1773,2092,-1
1773,2196,-1
1773,2929,-1
1774,1785,1
1774,1786,1
1775,1776,1
1775,1779,1
1775,1784,1
1775,1787,1
1776,2639,-1
1777,1783,1
1777,1785,1
1778,1781,1
1778,2158,-1
1778,2494,-1
1780,1786,1
1780,1789,1
1781,2386,-1
1781,2723,-1
1782,1784,1
1782,1915,-1
1782,2448,-1
1784,1788,1
1785,2253,-1
1788,1992,1
1788,2592,-1
1791,2403,-1
1793,2988,-1
1797,2818,-1
1799,2679,-1
1800,1807,1
1800,1817,1
1801,1808,1
1801,2577,-1
1802,1810,1
1803,1806,1
1803,1810,1
1803,1819,1
1803,2286,1
1804,1806,1
1804,1813,1
1804,2324,-1
1804,2741,-1
1805,1806,1
1805,1812,1
1805,1816,1
1805,1818,1
1805,1819,1
1806,1811,1
1806,1818,1
1807,2208,-1
1808,1815,1
1808,1819,1
1809,1810,1
1809,1818,1
1809,2342,-1
1810,1814,1
1811,1813,1
1811,1933,-1
1811,1982,-1
1811,2020,-1
1811,2901,-1
1813,1819,1
1815,1817,1
1816,1817,1
1816,1819,1
1817,1818,1
1817,2159,-1
1817,2517,-1
1818,1819,1
1818,1901,-1
1823,2196,-1
1830,1840,1
1830,1844,1
1830,1846,1
1830,2086,-1
1831,1837,1
1831,1840,1
1831,1844,1
1832,1843,1
1833,1843,1
1833,1846,1
1833,1847,1
1833,2379,-1
1834,1847,1
1835,1838,1
1835,1839,1
1835,1842,1
1835,1845,1
1835,2824,-1
1836,1845,1
1836,1847,1
1836,2180,-1
1836,2709,-1
1837,1839,1
1837,1843,1
1837,1849,1
1837,2280,-1
1837,2342,-1
1837,2746,-1
1838,2975,-1
1839,1841,1
1839,1844,1
1839,1845,1
1839,1848,1
1839,2329,-1
1841,1845,1
1841,1846,1
1842,1847,1
1844,1849,1
1844,1937,-1
1846,1855,-1
1847,1849,1
1847,2742,-1
1850,2521,-1
1852,2228,-1
1854,2368,-1
1858,1997,-1
1860,1865,1
1860,1877,1
1860,1943,-1
1861,1863,1
1861,1867,1
1861,1868,1
1862,1863,1
1862,1867,1
1862,1876,1
1862,1879,1
1863,1871,1
1863,1874,1
1864,1869,1
1864,1998,-1
1864,2561,-1
1865,1867,1
1865,1870,1
1865,1874,1
1865,2322,-1
1866,1867,1
1866,1868,1
1866,1870,1
1866,1874,1
1866,1876,1
1866,2313,-1
1867,1869,1
1867,1904,-1
1868,1875,1
1869,1872,1
1869,1889,-1
1869,2460,-1
1870,1885,-1
1871,2578,-1
1872,1876,1
1872,1877,1
1873,1875,1
1875,1879,1
1875,2773,-1
1877,1878,1
1879,2845,-1
1880,2499,-1
1880,2689,-1
1881,2178,-1
1881,2268,-1
1882,2700,-1
1883,2675,-1
1884,2114,-1
1886,2841,-1
1886,2951,-1
1889,2897,-1
1890,1893,1
1890,1895,1
1890,1901,1
1890,1903,1
1890,1907,1
1891,1903,1
1891,2280,-1
1892,1895,1
1892,1948,-1
1893,1896,1
1893,1908,-1
1894,1904,1
1894,1905,1
1894,2582,-1
1895,1902,1
1896,1901,1
1896,1904,1
1896,1909,1
1897,1905,1
1898,1902,1
1898,2722,-1
1899,1906,1
1899,1907,1
1899,1908,1
1899,2325,-1
1899,2789,-1
1900,1902,1
1900,1925,-1
1901,1904,1
1901,2118,-1
1902,1905,1
1903,1942,-1
1903,1951,-1
1904,1908,1
1905,1906,1
1906,1908,1
1907,2301,-1
1908,2978,-1
1911,2432,-1
1912,2114,-1
1913,1924,-1
1913,2286,-1
1915,2993,-1
1916,2733,-1
1917,1954,-1
1920,1922,1
1920,1923,1
1920,1935,1
1921,1922,1
1921,1923,1
1922,2205,-1
1923,1924,1
1923,1928,1
1923,1932,1
1923,1938,1
1924,1928,1
1924,1935,1
1924,2566,-1
1925,1926,1
1925,1931,1
1925,1936,1
1925,2139,1
1926,1929,1
1926,1931,1
1926,1933,1
1927,1930,1
1927,1935,1
1927,2006,-1
1928,2533,-1
1929,1934,1
1929,1938,1
1930,1932,1
1930,1936,1
1931,1939,1
1932,1935,1
1933,1935,1
1933,1936,1
1934,1937,1
1936,2411,-1
1936,2504,-1
1936,2762,-1
1938,2670,-1
1940,2301,-1
1940,2638,-1
1942,2067,-1
1943,2852,-1
1946,2663,-1
1947,2906,-1
1949,2685,-1
1950,1951,1
1950,1952,1
1950,1955,1
1950,1956,1
1950,1962,1
1950,1964,1
1950,1969,1
1950,2787,-1
1951,1957,1
1951,2484,-1
1952,1953,1
1952,2074,-1
1953,1956,1
1953,1958,1
1953,2828,-1
1954,1962,1
1954,2421,-1
1954,2652,-1
1954,2871,-1
1955,2107,-1
1955,2176,-1
1955,2646,-1
1956,1968,1
1956,2326,-1
1957,1962,1
1957,2329,-1
1957,2383,-1
1957,2543,-1
1959,1961,1
1959,1967,1
1960,1965,1
1961,1963,1
1961,1966,1
1961,1968,1
1961,2283,-1
1962,1968,1
1962,2199,-1
1962,2876,-1
1962,2889,-1
1963,1968,1
1963,2331,-1
1965,1969,1
1966,2198,-1
1966,2721,-1
1967,2292,-1
1968,1969,1
1968,2276,-1
1970,2721,-1
1972,2046,-1
1975,2625,-1
1977,2884,-1
1978,2740,-1
1980,1985,1
1980,2626,-1
1981,1986,1
1981,1988,1
1981,1998,1
1982,1984,1
1982,1988,1
1983,1985,1
1983,1988,1
1983,1993,1
1983,1996,1
1984,1987,1
1984,1988,1
1984,1990,1
1985,1989,1
1985,1991,1
1985,1992,1
1985,1993,1
1985,1999,1
1985,2025,-1
1986,1989,1
1986,1993,1
1986,1994,1
1987,1995,1
1987,1997,1
1987,1998,1
1988,1990,1
1989,1991,1
1989,1992,-1
1989,1998,1
1990,2177,-1
1990,2518,-1
1991,1999,1
1992,1998,1
1996,1999,1
1997,1999,1
1999,2047,-1
2000,2684,-1
2001,2163,-1
2002,2661,-1
2003,2345,-1
2006,2191,-1
2006,2591,-1
2010,2011,1
2010,2013,1
2010,2021,1
2010,2023,1
2011,2018,1
2011,2021,1
2011,2024,1
2011,2026,1
2011,2618,-1
2012,2013,1
2012,2023,1
2013,2206,-1
2014,2017,1
2014,2019,1
2014,2022,1
2015,2025,1
2016,2026,1
2017,2020,1
2017,2021,1
2019,2020,1
2019,2023,1
2019,2027,1
2019,2435,-1
2020,2024,1
2020,2029,1
2022,2746,-1
2023,2024,1
2024,2029,1
2025,2029,1
2026,2027,1
2026,2028,1
2026,2802,-1
2027,2328,-1
2027,2871,-1
2030,2559,-1
2031,2252,-1
2034,2755,-1
2035,2619,-1
2038,2943,-1
2039,2532,-1
2040,2041,1
2040,2042,1
2040,2047,1
2040,2059,1
2040,2696,-1
2041,2048,1
2041,2051,1
2041,2057,1
2041,2059,1
2043,2047,1
2043,2055,1
2044,2046,1
2044,2050,1
2044,2052,1
2044,2055,1
2045,2058,1
2046,2049,1
2046,2058,1
2047,2051,1
2047,2054,1
2047,2058,1
2048,2053,-1
2048,2054,1
2049,2052,1
2049,2056,1
2049,2059,1
2050,2051,1
2051,2055,1
2051,2057,1
2051,2058,1
2052,2179,-1
2053,2054,1
2053,2059,1
2054,2057,1
2055,2059,1
2056,2057,1
2058,2277,-1
2063,2583,-1
2063,2766,-1
2064,2534,-1
2066,2485,-1
2068,2178,-1
2070,2071,1
2070,2088,1
2070,2089,1
2071,2074,1
2071,2087,1
2072,2073,1
2072,2089,1
2073,2077,1
2074,2078,1
2074,2081,1
2074,2086,1
2074,2087,1
2074,2088,1
2074,2089,1
2075,2076,1
2075,2077,1
2075,2078,1
2075,2079,1
2075,2088,1
2076,2085,1
2076,2086,1
2076,2172,-1
2077,2083,1
2078,2080,1
2079,2082,1
2079,2085,1
2079,2088,1
2079,2507,-1
2082,2083,1
2082,2086,1
2082,2088,1
2084,2086,1
2087,2088,1
2087,2503,-1
2088,2115,-1
2090,2837,-1
2092,2326,-1
2096,2141,-1
2096,2247,-1
2100,2101,1
2100,2111,1
2100,2122,1
2100,2126,1
2100,2202,-1
2101,2114,1
2101,2118,1
2101,2119,1
2101,2120,1
2101,2126,1
2101,2128,1
2102,2110,1
2102,2114,1
2102,2124,1
2102,2126,1
2102,2128,1
2102,2730,-1
2103,2104,1
2103,2106,1
2103,2109,1
2103,2111,1
2103,2116,1
2103,2117,1
2103,2118,1
2103,2125,1
2103,2126,1
2104,2105,1
2104,2106,1
2104,2111,1
2104,2113,1
2104,2114,1
2104,2116,1
2104,2129,1
2105,2112,1
2105,2117,1
2105,2128,1
2106,2109,1
2106,2111,1
2106,2112,1
2106,2269,-1
2106,2537,1
2107,2112,1
2107,2115,1
2107,2124,1
2108,2111,1
2108,2112,1
2108,2120,1
2108,2123,1
2108,2703,1
2109,2119,1
2109,2122,1
2109,2467,-1
2110,2115,1
2110,2119,1
2110,2120,1
2110,2128,1
2110,2384,-1
2111,2112,1
2111,2113,1
2111,2118,1
2111,2123,1
2112,2119,1
2112,2129,1
2113,2115,1
2113,2117,1
2113,2126,1
2113,2680,-1
2114,2126,1
2114,2129,1
2115,2123,1
2116,2117,1
2116,2125,1
2116,2126,1
2117,2119,1
2117,2121,1
2117,2124,1
2117,2126,1
2118,2119,1
2118,2891,-1
2119,2123,1
2120,2395,-1
2122,2887,-1
2123,2128,1
2124,2125,1
2126,2128,1
2126,2181,-1
2126,2435,-1
2127,2128,1
2128,2362,-1
2130,2137,1
2131,2152,1
2131,2465,-1
2132,2141,1
2132,2153,1
2132,2158,1
2133,2136,1
2133,2153,-1
2133,2156,1
2133,2396,-1
2134,2135,1
2134,2143,1
2134,2145,1
2134,2148,1
2134,2156,1
2134,2874,-1
2135,2148,1
2135,2171,-1
2135,2935,-1
2136,2141,1
2136,2152,1
2136,2154,1
2137,2139,1
2137,2141,1
2137,2143,1
2137,2145,1
2137,2146,1
2137,2148,1
2137,2153,1
2137,2156,1
2137,2296,-1
2138,2141,1
2138,2145,1
2138,2148,1
2138,2857,-1
2139,2144,1
2139,2145,1
2139,2146,1
2139,2149,1
2139,2153,1
2139,2157,1
2140,2157,1
2141,2713,-1
2142,2146,1
2142,2147,1
2142,2155,1
2143,2150,1
2143,2158,1
2144,2145,1
2144,2154,1
2144,2157,1
2144,2158,1
2144,2692,-1
2144,2958,-1
2145,2155,1
2145,2361,-1
2146,2149,1
2146,2150,1
2146,2153,1
2147,2151,1
2147,2880,-1
2148,2150,1
2148,2152,1
2148,2159,1
2149,2158,1
2150,2151,1
2150,2153,1
2150,2327,-1
2152,2156,1
2154,2156,1
2154,2158,1
2156,2158,1
2157,2158,1
2157,2395,-1
2159,2853,-1
2160,2166,1
2160,2173,1
2160,2179,1
2160,2189,1
2160,2299,-1
2161,2163,1
2161,2166,1
2161,2169,1
2161,2170,1
2161,2172,1
2161,2176,1
2161,2179,1
2161,2187,1
2162,2172,1
2162,2177,1
2162,2699,-1
2163,2185,1
2163,2187,1
2164,2188,1
2165,2166,1
2165,2171,1
2165,2184,1
2166,2169,1
2166,2181,1
2166,2704,-1
2167,2173,1
2167,2188,1
2167,2926,-1
2168,2170,1
2168,2172,1
2168,2175,1
2168,2180,1
2168,2185,1
2168,2188,1
2168,2189,1
2169,2179,1
2169,2187,1
2170,2172,1
2170,2173,1
2170,2175,1
2170,2180,1
2170,2181,1
2170,2382,-1
2171,2186,1
2172,2174,1
2172,2177,1
2172,2338,-1
2173,2179,1
2173,2180,1
2173,2544,-1
2174,2177,1
2174,2184,1
2174,2189,1
2175,2178,1
2175,2535,-1
2176,2187,1
2177,2182,1
2178,2189,1
2179,2183,1
2179,2188,1
2179,2534,-1
2180,2182,1
2180,2315,-1
2182,2187,1
2182,2765,-1
2184,2935,-1
2186,2188,1
2186,2536,-1
2189,2894,-1
2190,2191,1
2190,2193,1
2190,2194,1
2190,2195,1
2190,2196,1
2190,2200,1
2190,2201,1
2190,2206,-1
2190,2210,1
2190,2217,1
2190,2219,1
2191,2198,1
2191,2203,1
2191,2213,1
2191,2219,1
2192,2199,1
2192,2206,1
2192,2218,1
2193,2196,1
2193,2200,1
2193,2205,1
2193,2207,1
2193,2210,1
2193,2930,-1
2194,2196,1
2194,2201,1
2194,2202,1
2194,2208,1
2194,2209,1
2194,2512,-1
2195,2196,1
2195,2200,1
2195,2201,1
2195,2215,1
2196,2207,1
2196,2208,1
2196,2210,1
2196,2212,1
2196,2216,1
2197,2213,1
2197,2218,1
2198,2199,1
2198,2200,1
2199,2200,1
2199,2202,1
2199,2209,1
2199,2210,1
2199,2212,1
2200,2203,1
2200,2210,1
2200,2882,-1
2202,2211,1
2202,2212,1
2202,2349,-1
2202,2535,-1
2203,2211,1
2203,2217,1
2204,2216,1
2204,2218,1
2205,2215,1
2205,2217,1
2206,2211,1
2207,2213,1
2207,2215,1
2208,2216,1
2209,2210,1
2209,2211,1
2209,2218,1
2210,2212,1
2210,2215,1
2210,2217,1
2210,2890,-1
2211,2214,1
2211,2217,1
2213,2217,1
2213,2941,-1
2214,2215,1
2214,2219,1
2215,2219,1
2220,2227,1
2220,2230,1
2220,2233,1
2220,2238,1
2220,2249,1
2221,2224,1
2221,2226,1
2221,2236,1
2221,2242,1
2222,2226,1
2222,2240,1
2222,2243,1
2222,2345,-1
2222,2782,-1
2222,2837,-1
2223,2239,1
2223,2410,-1
2224,2225,1
2224,2230,1
2224,2231,1
2224,2236,1
2224,2237,1
2224,2240,1
2224,2246,1
2224,2249,1
2225,2226,1
2225,2229,1
2225,2236,1
2225,2239,1
2225,2240,1
2225,2245,1
2225,2247,1
2226,2240,1
2226,2245,1
2226,2642,-1
2226,2708,-1
2227,2239,1
2227,2247,1
2227,2275,-1
2228,2236,1
2228,2237,1
2228,2249,1
2229,2249,1
2229,2440,-1
2230,2232,1
2230,2233,1
2230,2235,1
2230,2237,1
2230,2240,1
2231,2246,1
2232,2234,1
2232,2244,1
2233,2236,1
2233,2247,1
2233,2282,-1
2234,2244,1
2234,2246,1
2234,2248,1
2235,2236,1
2235,2239,1
2235,2241,1
2235,2244,1
2235,2819,-1
2236,2246,1
2237,2240,1
2237,2242,1
2237,2247,1
2237,2699,-1
2238,2243,1
2238,2249,1
2239,2241,1
2239,2246,1
2240,2241,1
2240,2248,1
2241,2242,1
2241,2246,1
2242,2249,1
2242,2769,-1
2243,2245,1
2243,2864,-1
2244,2246,1
2244,2880,-1
2245,2246,1
2245,2949,-1
2248,2249,-1
2249,2499,-1
2250,2258,1
2250,2267,1
2250,2269,1
2250,2270,1
2250,2276,1
2250,2284,-1
2251,2252,1
2251,2267,1
2252,2257,1
2252,2258,1
2252,2275,1
2252,2277,1
2253,2255,1
2253,2261,1
2253,2262,1
2254,2260,1
2254,2262,1
2254,2270,1
2254,2384,-1
2254,2429,-1
2255,2265,1
2255,2268,1
2256,2259,1
2256,2273,1
2256,2277,1
2256,2441,1
2257,2261,1
2257,2265,1
2257,2269,1
2258,2262,1
2258,2275,1
2258,2276,1
2259,2272,1
2259,2278,-1
2260,2264,1
2260,2265,1
2260,2272,1
2260,2275,1
2260,2279,1
2260,2483,-1
2261,2263,1
2261,2272,1
2261,2274,1
2261,2279,1
2262,2268,-1
2262,2270,1
2263,2266,1
2263,2271,1
2263,2274,1
2263,2275,1
2263,2277,1
2263,2437,-1
2264,2268,1
2264,2274,1
2264,2277,1
2265,2273,1
2265,2274,1
2265,2276,1
2266,2481,-1
2266,2494,-1
2267,2268,1
2267,2274,1
2267,2275,1
2268,2271,1
2268,2276,1
2269,2274,1
2269,2275,1
2269,2276,1
2270,2277,1
2270,2278,1
2270,2519,-1
2271,2279,1
2272,2277,1
2272,2278,1
2273,2275,1
2273,2390,-1
2275,2279,1
2276,2599,-1
2277,2278,1
2278,2374,-1
2280,2281,1
2280,2287,1
2280,2292,1
2280,2304,1
2280,2308,1
2281,2284,1
2281,2286,1
2281,2288,1
2281,2303,1
2281,2797,-1
2282,2287,1
2282,2292,1
2282,2300,1
2283,2288,1
2283,2299,1
2284,2293,1
2284,2298,1
2284,2303,1
2285,2296,1
2285,2307,1
2286,2295,1
2286,2299,1
2287,2298,-1
2287,2306,1
2287,2309,1
2288,2293,1
2288,2297,1
2288,2299,1
2288,2301,1
2288,2302,1
2288,2303,1
2288,2306,1
2289,2291,1
2289,2297,1
2290,2294,1
2290,2295,1
2290,2296,1
2290,2309,1
2291,2295,1
2291,2305,1
2292,2307,1
2293,2295,1
2293,2308,1
2294,2298,1
2294,2301,1
2295,2297,1
2295,2298,1
2295,2308,1
2295,2442,-1
2296,2297,1
2296,2301,1
2296,2309,1
2297,2302,1
2297,2306,1
2297,2746,-1
2298,2299,1
2298,2306,1
2299,2304,1
2299,2306,1
2299,2309,1
2300,2307,1
2300,2370,-1
2303,2616,-1
2304,2307,1
2306,2309,1
2307,2745,-1
2310,2313,1
2310,2324,1
2310,2334,1
2310,2335,1
2310,2564,-1
2311,2331,1
2311,2336,1
2312,2315,1
2312,2322,1
2312,2324,1
2312,2328,1
2312,2707,-1
2312,2753,-1
2313,2314,1
2313,2316,1
2313,2321,1
2313,2322,1
2313,2326,1
2313,2329,1
2313,2334,1
2313,2339,1
2313,2631,-1
2314,2320,1
2314,2326,1
2314,2328,1
2314,2330,1
2314,2337,1
2314,2338,1
2315,2324,1
2315,2337,1
2315,2721,-1
2316,2327,1
2316,2330,1
2316,2334,1
2316,2339,1
2316,2958,-1
2317,2321,1
2317,2323,1
2317,2326,1
2317,2878,-1
2318,2327,1
2318,2339,1
2318,2956,-1
2319,2328,1
2320,2334,1
2320,2398,-1
2321,2322,1
2321,2330,1
2321,2337,1
2321,2459,-1
2321,2603,-1
2322,2326,1
2322,2329,1
2323,2327,1
2323,2331,1
2323,2333,1
2323,2558,-1
2323,2930,-1
2324,2333,1
2324,2334,1
2325,2326,1
2325,2329,1
2325,2338,1
2325,2339,1
2325,2360,-1
2325,2981,-1
2326,2330,1
2326,2335,1
2326,2690,-1
2327,2338,1
2327,2684,-1
2327,2820,-1
2328,2330,1
2328,2335,1
2328,2337,1
2328,2339,1
2329,2330,1
2330,2331,1
2330,2332,1
2330,2338,1
2331,2336,1
2333,2800,-1
2334,2339,1
2335,2847,-1
2335,2922,-1
2336,2337,1
2336,2486,-1
2339,2786,-1
2339,2808,-1
2340,2344,1
2340,2345,1
2340,2347,1
2340,2348,1
2340,2366,1
2340,2367,1
2341,2344,1
2341,2345,1
2341,2357,1
2341,2361,1
2341,2364,1
2341,2365,1
2341,2368,1
2342,2346,1
2342,2361,1
2342,2366,1
2342,2367,1
2342,2369,1
2343,2347,1
2343,2349,1
2343,2361,1
2343,2584,-1
2344,2347,1
2344,2353,1
2344,2359,1
2345,2348,1
2345,2363,1
2346,2355,1
2346,2402,-1
2346,2512,-1
2346,2550,-1
2347,2359,1
2347,2360,1
2347,2368,1
2348,2353,1
2348,2363,1
2349,2355,1
2349,2359,1
2349,2362,1
2349,2368,1
2349,2937,-1
2350,2357,1
2350,2358,1
2351,2352,1
2351,2357,1
2352,2358,1
2352,2360,1
2354,2360,1
2354,2362,1
2354,2371,-1
2354,2964,-1
2355,2361,1
2356,2364,1
2357,2364,1
2358,2364,1
2360,2363,1
2360,2369,1
2362,2365,1
2363,2376,-1
2364,2366,1
2365,2366,1
2366,2369,1
2367,2369,1
2370,2381,1
2370,2700,-1
2371,2379,1
2372,2376,1
2372,2383,1
2372,2388,1
2372,2397,1
2373,2377,1
2373,2380,1
2373,2384,1
2373,2388,1
2373,2391,1
2373,2395,1
2374,2377,1
2374,2380,1
2374,2388,1
2374,2398,1
2375,2377,1
2375,2379,1
2375,2394,1
2376,2383,1
2376,2398,1
2377,2393,1
2378,2381,1
2378,2382,1
2378,2390,1
2378,2391,1
2378,2399,1
2380,2384,1
2380,2391,1
2380,2399,1
2381,2387,1
2381,2389,1
2381,2392,1
2381,2394,1
2381,2396,1
2381,2398,1
2382,2386,1
2384,2387,1
2384,2394,1
2385,2395,1
2386,2387,1
2386,2396,1
2386,2398,1
2387,2390,1
2387,2392,1
2387,2619,-1
2388,2393,1
2388,2395,1
2389,2391,1
2390,2394,1
2392,2395,1
2393,2398,1
2394,2867,-1
2396,2728,-1
2398,2515,-1
2400,2408,1
2400,2413,1
2401,2402,1
2401,2408,1
2401,2409,1
2401,2412,1
2401,2414,1
2401,2419,1
2401,2423,1
2401,2424,1
2401,2425,1
2401,2428,1
2401,2429,1
2402,2414,1
2402,2415,1
2402,2429,1
2402,2503,-1
2403,2420,1
2404,2408,1
2404,2417,1
2404,2468,-1
2405,2417,1
2405,2421,1
2405,2422,1
2405,2423,1
2405,2848,-1
2406,2415,1
2406,2421,1
2406,2427,1
2406,2612,-1
2407,2412,1
2407,2413,1
2407,2419,1
2407,2423,1
2407,2425,1
2407,2429,1
2407,2662,-1
2408,2410,1
2408,2419,1
2408,2968,-1
2409,2418,1
2409,2419,1
2409,2425,1
2410,2415,1
2410,2425,1
2411,2415,1
2411,2421,1
2411,2612,-1
2412,2420,1
2412,2427,1
2412,2429,1
2413,2414,1
2413,2422,1
2413,2425,1
2413,2427,1
2414,2418,1
2414,2423,1
2415,2417,1
2415,2424,1
2415,2427,-1
2416,2420,1
2416,2422,1
2417,2421,1
2417,2426,1
2417,2429,1
2418,2422,1
2418,2427,1
2419,2426,1
2420,2422,1
2420,2428,1
2420,2429,1
2423,2425,1
2423,2428,1
2424,2425,1
2425,2429,1
2425,2795,-1
2427,2428,1
2430,2454,1
2431,2438,1
2431,2440,1
2431,2453,1
2432,2435,1
2432,2440,1
2432,2441,1
2432,2447,1
2432,2451,-1
2432,2457,1
2432,2869,-1
2433,2448,1
2433,2457,1
2434,2439,1
2434,2446,1
2434,2447,1
2434,2453,1
2435,2451,1
2435,2572,-1
2436,2437,1
2436,2439,-1
2436,2443,1
2436,2445,1
2436,2449,1
2436,2456,1
2436,2606,-1
2437,2439,1
2437,2440,1
2437,2457,1
2438,2442,1
2438,2452,1
2439,2445,1
2439,2449,1
2439,2450,1
2439,2458,1
2440,2448,1
2440,2449,1
2440,2704,1
2441,2447,1
2441,2449,1
2441,2451,1
2441,2456,1
2442,2450,1
2442,2455,1
2442,2542,-1
2443,2451,1
2443,2452,1
2444,2452,1
2445,2446,1
2445,2449,1
2445,2453,1
2446,2456,1
2449,2451,1
2449,2457,1
2449,2589,-1
2450,2455,1
2452,2453,1
2452,2454,1
2453,2455,1
2454,2458,1
2454,2459,1
2455,2456,1
2455,2527,-1
2458,2459,1
2460,2467,1
2460,2475,1
2460,2478,1
2460,2481,1
2461,2462,1
2461,2466,1
2461,2474,1
2461,2479,1
2461,2484,1
2461,2488,1
2462,2472,1
2462,2482,1
2462,2485,1
2463,2464,1
2465,2466,1
2465,2469,1
2465,2476,1
2465,2480,1
2465,2485,1
2465,2488,1
2466,2470,1
2466,2487,1
2466,2775,-1
2467,2477,1
2467,2482,1
2468,2470,1
2468,2482,1
2468,2483,1
2468,2489,1
2468,2913,-1
2469,2489,1
2470,2477,1
2470,2478,1
2470,2480,1
2470,2488,1
2471,2473,1
2471,2478,1
2471,2479,1
2471,2488,1
2471,2687,-1
2472,2473,1
2472,2481,1
2472,2482,1
2473,2477,1
2473,2484,1
2473,2969,-1
2474,2476,-1
2474,2479,1
2474,2480,1
2474,2486,1
2475,2479,1
2475,2481,-1
2476,2482,1
2476,2486,1
2477,2478,1
2477,2484,1
2477,2488,1
2479,2480,1
2479,2484,1
2479,2486,1
2479,2487,1
2479,2488,1
2479,2649,-1
2480,2488,1
2482,2483,1
2482,2489,1
2484,2485,1
2484,2486,1
2484,2487,1
2484,2955,-1
2485,2489,1
2486,2487,1
2486,2932,-1
2490,2495,1
2490,2505,1
2490,2512,-1
2490,2997,-1
2491,2493,1
2491,2499,1
2491,2501,1
2491,2514,1
2491,2517,1
2491,2896,-1
2492,2501,1
2492,2519,1
2493,2506,1
2493,2509,1
2493,2514,1
2494,2496,1
2494,2498,-1
2494,2503,1
2495,2504,1
2495,2509,1
2496,2499,1
2496,2506,1
2496,2511,1
2496,2512,1
2496,2513,1
2497,2499,1
2497,2501,1
2497,2509,-1
2497,2512,1
2497,2515,1
2498,2500,1
2498,2501,1
2498,2504,1
2498,2507,1
2498,2517,1
2499,2503,1
2499,2519,1
2500,2510,1
2501,2509,1
2501,2514,-1
2501,2515,-1
2501,2999,-1
2502,2516,1
2503,2505,1
2503,2507,1
2503,2515,1
2504,2517,1
2504,2518,1
2504,2519,1
2505,2510,1
2507,2517,1
2508,2512,1
2508,2517,1
2509,2779,-1
2510,2511,1
2511,2513,1
2511,2514,1
2511,2908,-1
2512,2518,1
2512,2958,-1
2513,2519,1
2514,2519,1
2517,2604,-1
2520,2537,1
2520,2541,1
2520,2542,1
2521,2522,1
2521,2523,1
2521,2535,1
2521,2549,1
2521,2738,-1
2522,2525,1
2522,2530,1
2522,2531,1
2522,2543,1
2523,2528,1
2524,2525,1
2524,2538,1
2524,2547,1
2524,2548,1
2524,2810,-1
2525,2526,1
2525,2527,1
2525,2534,1
2525,2540,1
2525,2541,1
2525,2754,-1
2526,2527,1
2526,2545,1
2527,2539,1
2527,2543,1
2528,2534,1
2528,2547,1
2529,2538,1
2529,2547,1
2530,2547,1
2531,2538,1
2531,2549,1
2532,2534,1
2532,2539,1
2532,2548,1
2533,2542,1
2533,2549,1
2534,2545,1
2534,2547,1
2535,2538,1
2535,2539,1
2535,2548,1
2536,2539,1
2536,2545,1
2537,2538,1
2537,2539,1
2537,2543,1
2538,2545,1
2539,2540,1
2539,2543,1
2540,2544,1
2540,2549,1
2541,2543,1
2542,2543,1
2542,2546,1
2542,2549,1
2542,2847,-1
2543,2545,1
2545,2913,-1
2546,2547,1
2548,2549,1
2548,2770,-1
2557,2699,-1
2562,2740,-1
2565,2731,-1
2568,2858,-1
2570,2790,-1
2574,2938,-1
2575,2757,-1
2590,2751,-1
2591,2716,-1
2591,2997,-1
2593,2747,-1
2594,2843,-1
2597,2646,-1
2602,2726,-1
2609,2900,-1
2613,2715,-1
2616,2949,-1
2620,2859,-1
2622,2970,-1
2625,2903,-1
2626,2659,-1
2626,2786,-1
2635,2960,-1
2636,2800,-1
2641,2675,-1
2641,2735,-1
2642,2833,-1
2656,2954,-1
2658,2767,-1
2662,2782,-1
2664,2992,-1
2669,2923,-1
2673,2905,-1
2677,2756,-1
2679,2807,-1
2684,2729,-1
2686,2932,-1
2693,2905,-1
2697,2962,-1
2700,2937,-1
2704,2823,-1
2718,2805,-1
2734,2863,-1
2750,2915,-1
2750,2930,-1
2777,2870,-1
2789,2980,-1
2797,2904,-1
2798,2841,-1
2807,2942,-1
2810,2860,-1
2813,2879,-1
2819,2842,-1
2825,2901,1
2826,2965,-1
2837,2886,-1
2846,2981,-1
2864,2891,-1
2925,2980,-1
2927,2976,-1
