0,1,1
0,10,1
0,18,1
0,21,1
0,28,1
1,10,1
1,483,1
1,660,1
2,25,1
2,526,-1
2,533,-1
2,1429,-1
2,2304,-1
2,2734,-1
3,4,1
3,18,1
3,27,1
3,1525,-1
3,1954,-1
3,2544,-1
4,1965,-1
4,2324,-1
4,2834,-1
5,19,1
6,8,1
6,28,1
6,319,-1
6,983,-1
6,1057,-1
7,20,1
7,25,1
7,273,-1
7,2256,-1
7,2732,-1
8,1165,-1
8,1591,-1
9,22,1
9,24,1
9,908,-1
9,942,-1
9,1252,-1
10,16,1
10,21,1
10,22,1
11,15,1
11,21,1
11,1433,-1
11,2415,-1
12,14,1
12,687,1
13,14,1
13,27,1
13,1247,-1
14,27,1
14,1535,-1
14,1811,-1
15,17,1
15,2487,-1
17,27,1
17,1758,-1
18,1302,-1
18,2161,-1
19,308,-1
19,2965,-1
20,1506,-1
21,461,-1
21,2703,-1
22,1599,-1
22,2646,-1
23,29,1
23,1150,-1
23,1380,-1
23,2729,-1
24,1545,-1
25,26,1
25,1356,-1
25,1535,-1
25,1862,-1
25,2647,-1
26,2041,-1
26,2665,-1
27,107,-1
27,1176,-1
28,784,-1
29,300,-1
29,493,-1
29,1650,-1
30,34,1
30,2923,-1
31,46,1
31,57,1
31,2808,-1
32,42,1
32,1482,-1
33,40,1
34,1059,-1
34,1517,-1
34,2214,-1
35,50,1
35,1177,-1
36,40,1
37,58,1
37,2880,1
38,45,1
38,50,1
39,41,1
40,2782,-1
41,320,-1
41,576,-1
41,2818,-1
42,44,1
42,48,1
42,52,1
42,53,1
42,535,-1
43,47,1
44,46,1
44,48,1
44,51,1
44,56,1
44,2343,-1
45,59,1
45,938,-1
45,1287,-1
45,1595,-1
46,48,1
47,48,1
47,984,-1
48,1916,-1
48,2338,-1
49,52,1
49,1826,-1
49,2130,-1
50,654,-1
50,2279,-1
51,311,-1
51,825,-1
53,54,1
55,59,1
57,1003,-1
58,155,-1
58,216,-1
58,1441,-1
58,2172,-1
58,2671,-1
58,2701,-1
59,622,-1
59,2796,-1
60,79,1
60,81,1
61,68,1
61,73,1
61,2007,-1
61,2323,-1
62,69,1
63,79,1
63,233,-1
63,369,-1
64,82,1
64,83,1
64,86,1
64,1116,-1
65,80,1
65,82,1
65,924,-1
66,71,1
66,77,1
66,1094,-1
66,1242,-1
67,79,1
67,84,1
67,454,-1
67,2106,-1
67,2247,-1
68,578,-1
68,1476,-1
68,2556,-1
68,2585,-1
69,582,-1
69,2736,-1
70,77,1
70,2330,-1
70,2595,-1
71,87,1
71,515,1
71,693,-1
71,1093,1
71,1674,-1
71,1768,-1
72,87,1
73,76,1
73,80,-1
73,2808,-1
74,75,1
74,87,1
75,83,1
75,850,-1
75,1773,-1
75,1818,-1
75,1989,-1
76,88,1
76,440,-1
76,1803,-1
76,2856,-1
77,87,1
77,876,-1
78,84,1
78,953,-1
78,1112,-1
79,80,1
80,86,1
80,2942,-1
80,2955,-1
81,251,-1
81,1055,-1
81,2243,-1
83,264,-1
83,1465,-1
83,1988,-1
83,2161,-1
84,602,-1
84,873,-1
85,89,1
85,997,-1
85,2945,-1
86,358,-1
87,1343,-1
87,1957,-1
89,2169,-1
90,96,1
90,115,1
91,116,1
92,108,1
92,119,1
92,833,-1
92,1652,-1
92,2115,-1
93,97,1
93,112,1
93,118,1
93,245,-1
94,99,1
94,100,1
94,107,1
94,113,1
94,1147,-1
95,109,1
95,283,-1
96,98,-1
96,112,1
96,2736,-1
97,104,1
97,105,1
97,2822,-1
98,292,-1
98,593,-1
98,1004,-1
98,1142,-1
99,1243,-1
101,110,1
101,1559,-1
101,2160,-1
102,112,1
102,116,1
102,2382,-1
103,116,1
104,848,-1
104,1090,-1
104,2048,-1
104,2144,-1
104,2267,-1
104,2703,-1
105,449,-1
106,109,1
106,2731,-1
107,732,-1
107,1730,-1
108,669,-1
108,671,-1
108,2086,-1
109,116,1
109,118,1
109,435,-1
109,1299,-1
109,2329,-1
110,116,1
111,116,1
111,621,-1
111,915,-1
112,118,1
112,1923,-1
112,2108,-1
113,114,1
113,725,-1
113,1223,-1
113,1476,-1
113,2143,-1
114,2028,-1
115,117,1
115,118,1
115,537,-1
115,685,-1
116,573,-1
118,704,-1
119,1197,-1
120,141,1
120,434,-1
120,1146,-1
120,2013,-1
121,129,1
121,138,1
121,141,1
121,1788,-1
122,141,1
122,147,1
123,126,1
123,137,1
123,138,1
123,139,1
123,140,1
124,140,1
124,303,-1
124,2056,-1
124,2146,-1
125,134,1
125,2787,-1
125,2963,-1
126,132,1
126,822,-1
127,145,1
127,148,1
128,129,1
128,131,1
128,133,1
128,2511,-1
129,1767,-1
129,2157,-1
130,144,1
130,147,1
130,970,-1
131,136,1
131,1304,-1
132,140,1
132,1804,-1
132,2174,-1
134,983,-1
135,137,1
135,141,1
135,142,1
135,1260,-1
135,1782,-1
136,2686,-1
137,138,1
137,143,1
138,395,-1
138,1873,-1
139,142,1
139,807,-1
140,2295,-1
141,2925,-1
142,409,-1
142,2378,-1
142,2922,-1
143,1525,-1
143,2464,-1
143,2727,-1
143,2954,-1
144,2074,-1
145,149,1
145,2653,-1
145,2946,-1
146,147,-1
146,217,-1
146,2340,-1
147,243,-1
147,637,-1
147,678,-1
147,759,-1
147,837,-1
148,546,-1
148,2686,-1
149,659,-1
149,679,-1
149,1161,-1
149,1490,-1
150,155,-1
150,160,1
150,164,1
150,509,-1
150,1505,-1
150,2882,-1
151,167,1
151,169,1
151,1495,-1
152,177,1
152,2461,-1
153,166,1
153,179,1
153,838,-1
153,2706,-1
154,155,1
154,159,1
154,166,1
154,276,-1
154,1648,-1
155,165,1
155,168,1
155,355,-1
155,686,-1
156,158,1
156,1107,-1
157,163,1
157,170,1
158,161,1
158,177,1
160,174,1
160,396,-1
160,992,-1
160,1031,-1
160,1607,-1
160,1696,-1
160,1952,-1
160,2223,-1
161,168,1
161,2209,-1
162,176,1
162,409,-1
162,2011,-1
164,175,1
164,812,-1
165,578,-1
165,2993,-1
166,169,1
167,171,-1
167,172,1
167,1037,-1
168,175,1
169,1985,-1
169,2907,-1
171,474,-1
172,177,1
173,176,1
173,1747,-1
174,176,1
175,811,-1
175,1353,-1
176,2165,-1
177,2226,-1
178,179,1
178,917,-1
178,1343,-1
178,2335,-1
179,888,-1
180,191,1
180,193,1
180,196,1
180,1153,-1
180,2316,-1
180,2586,-1
181,201,1
181,202,1
181,1845,-1
182,204,1
182,208,1
182,1619,-1
183,186,1
184,194,1
184,199,1
184,201,1
184,202,1
184,951,-1
185,196,1
185,200,1
185,208,1
185,571,-1
185,798,-1
186,195,1
186,2320,-1
187,191,1
188,189,1
188,200,1
188,204,1
188,1182,-1
188,2724,-1
189,191,1
190,199,1
190,206,1
192,196,1
192,200,1
192,201,1
192,226,-1
193,835,-1
193,860,-1
194,511,-1
195,198,1
195,1266,-1
196,208,1
196,2183,-1
196,2391,-1
196,2453,-1
197,203,1
197,498,-1
197,1082,-1
197,2594,-1
198,199,1
198,673,-1
199,207,1
199,228,-1
199,2616,-1
200,1152,-1
201,202,1
201,1138,-1
201,2432,-1
202,204,1
202,1813,1
203,303,-1
203,670,-1
204,209,1
204,2906,-1
205,208,1
205,710,-1
205,1573,-1
206,233,-1
206,1702,-1
207,209,1
207,1679,-1
208,2544,-1
209,712,-1
209,1105,-1
210,220,1
210,222,-1
210,229,1
210,236,1
210,1722,-1
211,224,1
212,216,1
212,2139,-1
212,2744,-1
213,218,1
213,354,-1
213,553,-1
214,233,1
214,402,-1
214,1242,-1
214,1289,-1
214,1887,-1
214,2266,-1
214,2982,-1
215,222,1
215,237,1
216,219,1
216,225,1
216,227,1
216,229,1
216,1995,-1
216,2750,-1
217,228,1
217,231,1
217,916,-1
217,1741,-1
217,2817,-1
218,226,1
218,722,-1
218,2456,-1
218,2577,-1
219,225,1
219,228,1
219,239,1
219,2016,-1
220,224,1
220,503,-1
220,983,-1
221,233,1
221,2937,-1
221,2981,-1
222,238,1
223,234,1
223,493,-1
223,2587,-1
225,2350,-1
226,2374,-1
227,1152,-1
228,1115,-1
229,232,1
229,1041,-1
229,1334,-1
229,2922,-1
230,235,1
231,233,1
231,1292,-1
231,2685,-1
233,238,1
233,1069,-1
237,920,-1
238,616,-1
238,1796,-1
239,437,-1
239,502,-1
239,1727,-1
239,2298,-1
240,248,1
240,254,1
240,295,-1
240,2350,-1
241,268,1
241,1309,-1
242,245,1
242,247,1
242,249,1
242,257,1
242,266,1
243,257,1
243,1482,-1
244,249,1
244,1965,-1
245,1453,-1
245,2419,-1
246,261,1
246,268,1
246,943,-1
246,1447,-1
246,1594,-1
247,959,-1
247,1424,-1
247,2254,-1
247,2695,-1
248,251,1
248,1336,-1
248,2057,-1
248,2080,-1
249,252,1
250,262,1
251,2162,-1
252,821,-1
252,2713,-1
253,268,1
254,1484,-1
254,1862,-1
254,2796,-1
255,260,1
255,2494,-1
256,268,1
256,1209,-1
256,2772,-1
257,265,1
257,1993,-1
258,259,1
258,264,1
258,1259,-1
259,269,1
259,2746,-1
260,1235,-1
260,1948,-1
261,2605,-1
262,635,-1
263,266,1
263,269,1
263,1651,-1
264,1065,-1
265,674,-1
265,1214,-1
266,269,1
266,1646,-1
267,268,1
267,2354,-1
270,280,1
270,285,1
271,272,1
271,279,1
271,282,1
271,289,1
271,299,1
271,992,-1
272,273,1
272,298,1
272,1503,-1
272,2387,-1
273,288,1
273,293,1
273,735,-1
274,291,1
274,878,-1
274,1108,-1
274,2901,-1
275,277,1
275,2275,-1
276,291,1
276,292,1
277,279,1
277,288,1
277,290,1
277,293,1
277,2071,-1
278,286,1
279,1034,-1
279,1513,-1
280,470,-1
281,286,1
281,288,1
281,1665,-1
282,871,-1
282,929,-1
283,291,1
284,295,1
284,2792,-1
286,292,1
286,1163,-1
287,290,1
287,2589,-1
289,292,1
290,1103,-1
290,2994,-1
291,1146,-1
291,2390,-1
291,2832,-1
293,294,1
294,1365,-1
294,2073,-1
294,2935,-1
295,296,1
296,1279,-1
296,1323,-1
297,299,1
297,692,-1
297,826,1
297,2083,-1
297,2381,-1
297,2863,-1
298,394,-1
298,1163,-1
298,2323,-1
299,2558,-1
299,2662,-1
300,307,1
300,327,1
300,1218,-1
300,1472,-1
301,306,1
301,315,1
301,324,1
301,1960,-1
302,320,1
302,1222,-1
302,1987,-1
303,314,1
303,319,1
303,322,1
303,326,1
303,957,-1
303,1230,-1
303,1686,-1
303,1876,-1
303,2150,-1
303,2217,-1
303,2898,-1
304,306,1
304,1326,-1
304,1654,-1
305,308,1
305,320,1
305,321,1
305,328,1
305,574,1
305,1635,-1
306,311,1
306,313,1
306,418,-1
306,1671,-1
307,312,1
307,375,-1
309,310,1
309,318,1
309,2234,-1
310,1089,-1
312,324,1
314,317,1
314,322,1
314,1125,-1
314,1306,-1
314,2374,-1
315,579,-1
315,1342,-1
315,1628,-1
315,2537,-1
316,317,1
316,2912,-1
317,325,1
317,329,1
317,371,-1
318,320,1
318,1640,-1
318,1986,-1
319,2535,-1
320,2234,-1
321,323,1
321,817,-1
321,1662,-1
322,629,-1
322,715,-1
323,1998,-1
324,408,-1
325,1149,-1
327,1626,-1
329,2752,-1
330,336,1
331,344,1
331,349,1
331,1101,-1
331,1350,-1
332,343,1
332,350,1
332,353,1
332,1604,-1
333,358,1
334,347,1
334,351,1
335,336,1
335,342,1
335,359,1
335,1075,-1
336,346,1
337,357,1
337,2517,-1
338,353,1
338,394,-1
338,408,-1
338,1142,-1
338,2905,-1
339,341,1
339,351,1
339,352,-1
339,357,-1
339,358,1
339,2428,-1
339,2636,-1
340,341,1
340,350,1
341,349,1
341,357,1
341,2814,-1
342,350,1
342,1494,-1
343,350,1
343,836,-1
343,2324,-1
344,352,1
344,354,1
345,351,1
345,352,1
346,640,-1
347,1218,-1
347,2544,-1
348,355,1
348,1518,-1
348,2333,-1
349,352,1
349,2417,-1
350,353,1
350,536,-1
350,1378,-1
351,356,1
352,353,1
352,2704,-1
354,719,-1
354,1273,-1
354,2563,-1
355,2668,-1
356,530,-1
356,718,-1
356,1408,-1
357,1364,-1
358,1000,-1
358,2923,-1
360,364,1
360,2240,-1
361,367,1
361,371,1
361,2717,-1
362,371,-1
362,372,1
362,376,1
362,379,1
362,385,1
363,374,1
363,385,1
363,621,-1
363,2130,-1
363,2287,-1
364,366,1
364,452,-1
364,2741,-1
365,370,1
365,380,1
366,378,1
366,388,1
366,1655,-1
367,371,1
367,1112,-1
368,383,1
369,373,1
369,385,1
369,387,1
369,1154,-1
370,790,-1
370,2056,-1
370,2186,-1
371,384,1
371,862,-1
372,824,-1
372,988,-1
372,2353,-1
373,898,-1
374,375,1
374,1063,-1
375,997,-1
375,1346,-1
376,379,1
377,389,1
377,420,-1
377,981,-1
378,381,1
378,760,-1
379,2745,-1
381,1496,-1
382,386,1
382,861,1
382,2387,-1
384,2358,-1
384,2707,-1
385,389,1
385,984,-1
385,1980,-1
387,1803,-1
388,2240,-1
388,2837,-1
390,404,1
390,409,1
390,419,1
391,406,1
391,2078,-1
392,397,1
392,415,1
392,758,-1
392,1763,-1
393,410,1
393,755,1
394,405,1
394,418,1
394,429,-1
395,402,1
395,416,1
395,1869,-1
395,2579,1
396,397,1
396,409,1
396,1679,-1
396,1951,-1
397,927,-1
397,2998,-1
398,402,1
398,403,1
398,413,1
398,773,-1
398,1066,-1
399,409,-1
399,1329,-1
399,1520,-1
399,2740,-1
400,411,-1
401,413,1
401,414,1
402,406,1
402,410,1
402,1152,-1
402,1201,-1
402,1482,-1
402,1660,-1
403,413,1
404,409,1
404,1408,-1
404,2049,-1
404,2120,-1
404,2143,-1
405,410,1
405,1291,-1
405,1440,-1
405,1447,-1
405,1530,-1
406,1405,-1
407,408,1
408,1820,-1
408,2959,-1
409,417,1
409,1438,-1
410,1121,-1
411,2663,-1
412,413,1
412,2088,-1
414,869,-1
414,935,-1
415,504,-1
415,1889,-1
415,2542,-1
416,520,-1
416,2471,-1
416,2903,-1
417,1796,1
419,2309,-1
419,2743,-1
420,426,1
420,439,1
420,443,1
420,446,1
420,447,1
420,2544,-1
421,431,1
422,431,1
422,739,-1
422,2031,-1
423,424,1
423,434,1
423,437,1
423,438,-1
423,445,1
423,446,1
423,1575,-1
424,439,1
424,1785,-1
425,428,1
425,431,1
425,447,1
425,1852,-1
427,433,1
427,434,1
427,449,1
427,638,-1
427,2914,-1
428,429,1
428,2259,-1
428,2312,-1
429,1122,-1
429,1233,-1
430,435,1
430,874,-1
431,433,1
431,442,1
431,506,-1
431,867,-1
432,435,1
432,2691,-1
433,791,-1
433,1171,-1
433,2716,-1
434,2291,-1
435,440,1
435,444,1
435,447,1
435,448,1
435,2430,-1
436,444,1
436,2545,-1
438,1414,-1
438,1708,-1
438,2021,-1
438,2498,-1
439,1587,-1
439,2053,-1
440,441,1
441,448,1
441,824,-1
441,2023,-1
442,818,-1
442,2033,-1
442,2301,-1
443,2353,-1
444,449,1
444,462,-1
444,2566,-1
445,1221,-1
447,724,-1
448,1552,-1
449,2259,1
450,453,1
450,459,1
450,461,1
450,464,1
450,471,1
450,477,1
451,452,1
451,456,1
451,467,1
451,473,1
451,477,1
451,478,1
451,2403,-1
452,453,1
452,454,1
452,458,1
452,460,1
452,462,1
452,464,1
452,467,1
452,471,1
452,472,1
452,474,1
452,477,1
452,478,1
452,837,-1
453,455,1
453,457,1
453,458,1
453,459,1
453,470,1
453,472,1
453,473,1
453,474,1
453,475,1
453,476,1
453,478,1
453,479,1
453,2452,-1
454,457,1
454,459,1
454,463,1
454,467,1
454,474,1
454,477,1
455,456,1
455,457,1
455,459,1
455,461,1
455,470,1
455,474,1
455,476,1
455,478,1
456,458,1
456,462,1
456,469,1
456,472,1
456,477,1
456,479,1
456,1785,-1
457,458,1
457,472,1
457,526,-1
457,2421,-1
457,2473,-1
458,468,1
458,469,1
458,473,1
458,2088,-1
459,478,1
459,1311,-1
459,1835,-1
459,2026,-1
460,463,1
460,464,1
460,471,1
460,476,1
461,466,1
461,467,1
461,469,1
461,470,1
461,473,1
461,474,1
461,479,1
461,568,-1
462,465,1
462,469,1
462,470,1
462,471,1
462,474,1
462,477,1
462,1436,-1
463,465,1
463,466,1
463,474,1
463,475,1
463,476,1
463,1979,-1
464,470,1
464,474,1
464,475,1
464,2023,-1
465,469,1
465,474,1
465,479,1
465,1317,-1
465,1434,-1
465,2197,-1
466,467,-1
466,469,1
466,471,1
466,474,1
466,475,1
466,478,1
466,479,1
466,2399,-1
466,2751,-1
466,2953,-1
467,468,1
467,469,1
467,470,1
467,472,1
467,2326,-1
467,2880,-1
468,469,1
468,1568,-1
469,476,-1
469,1469,-1
469,2122,-1
470,471,1
470,473,1
470,475,1
470,476,1
470,479,1
470,2395,-1
471,475,1
471,477,1
471,478,1
471,721,-1
471,2470,-1
471,2540,-1
472,474,1
472,476,1
472,478,1
472,1166,-1
473,474,1
473,475,1
473,478,1
474,477,1
474,2539,-1
475,476,1
475,2304,-1
476,479,1
476,773,-1
478,669,-1
478,2286,-1
479,1961,-1
480,481,1
480,485,1
480,488,1
480,490,1
480,498,1
480,499,1
480,502,1
480,503,1
480,2263,-1
481,488,1
481,494,1
481,509,1
482,488,1
482,489,1
482,490,1
482,491,1
482,492,1
482,493,-1
482,494,1
482,505,1
482,508,1
482,2130,-1
483,488,1
483,490,1
483,493,1
483,494,1
483,501,1
483,503,1
484,486,1
484,496,1
484,497,1
484,507,-1
485,488,1
485,489,1
485,490,1
485,497,1
485,502,1
485,505,1
485,506,1
485,507,1
486,493,1
486,494,1
486,495,1
486,496,1
486,501,1
486,508,1
486,1149,-1
486,1851,-1
487,489,1
487,494,1
487,502,1
487,509,1
487,2865,-1
488,492,1
488,494,1
488,497,1
488,498,1
488,500,1
488,501,1
488,505,1
488,508,1
488,2603,-1
489,495,1
489,507,1
489,555,-1
489,1785,-1
490,493,1
490,496,1
490,497,1
490,498,1
490,499,1
490,503,1
490,504,1
490,507,1
490,1169,-1
490,1422,-1
491,493,1
491,495,1
491,500,-1
491,501,1
491,506,1
491,507,1
491,653,-1
491,2172,-1
492,495,1
492,501,1
492,507,1
493,495,1
493,496,1
493,502,1
493,503,1
493,504,1
493,2470,1
494,495,1
494,498,1
494,501,1
494,503,1
494,506,1
494,648,-1
494,2671,-1
495,496,1
495,499,1
495,500,-1
495,504,1
495,505,1
496,497,-1
496,499,1
496,504,1
496,2028,-1
496,2073,-1
497,500,1
497,505,1
498,504,1
498,509,1
498,1328,-1
499,505,1
499,507,1
499,671,-1
499,1491,-1
500,501,1
500,503,1
500,504,1
500,507,1
500,1004,-1
500,2183,-1
500,2327,-1
501,503,1
501,506,1
501,1552,-1
501,1969,-1
501,2112,-1
501,2282,-1
502,504,1
502,505,1
503,504,1
503,505,1
503,509,1
504,506,1
504,508,1
505,507,1
505,2568,-1
506,507,1
506,509,1
506,2001,-1
507,1139,-1
508,509,1
509,1813,-1
509,1941,-1
509,2910,-1
510,513,1
510,518,1
510,520,1
510,524,1
510,525,1
510,529,1
510,535,1
510,538,1
510,539,1
510,1518,-1
510,2021,-1
511,514,1
511,515,1
511,516,1
511,523,1
511,525,1
511,528,1
511,530,1
511,535,1
511,538,1
511,1610,-1
511,2190,-1
512,514,1
512,518,1
512,519,1
512,520,1
512,522,1
512,524,1
512,526,1
512,529,1
512,530,1
512,533,1
512,539,1
512,2084,-1
512,2742,-1
513,515,1
513,522,1
513,526,1
513,529,1
513,531,1
513,535,1
513,1582,-1
513,1899,1
514,516,1
514,517,1
514,518,1
514,519,1
514,522,1
514,524,1
514,525,1
514,528,-1
514,529,1
514,532,1
514,2443,-1
514,2904,-1
515,517,1
515,521,1
515,522,1
515,529,1
515,534,1
515,536,1
515,1719,-1
515,2571,-1
516,517,1
516,518,1
516,520,1
516,521,1
516,530,1
516,532,1
516,534,1
517,519,1
517,520,1
517,521,1
517,525,1
517,528,1
517,530,1
517,534,1
517,535,1
517,845,-1
517,1822,-1
517,2347,-1
518,519,1
518,522,1
518,530,1
518,534,1
518,1132,-1
518,1149,-1
519,527,1
519,530,1
519,531,1
519,536,1
519,537,1
519,538,1
519,539,1
519,683,-1
519,2565,-1
519,2975,-1
520,521,1
520,524,1
520,526,1
520,529,1
520,534,1
520,535,1
520,537,1
520,807,-1
521,523,1
521,527,1
521,529,1
521,534,1
521,538,1
521,2049,-1
522,526,1
522,528,1
522,531,1
522,538,1
522,539,1
523,524,1
523,533,1
523,537,1
523,1034,-1
524,526,1
524,531,1
524,538,1
525,527,1
525,528,1
525,533,1
525,537,1
525,538,-1
525,1329,-1
526,528,1
527,529,1
527,530,1
527,531,1
527,532,1
527,533,1
527,535,1
527,537,1
527,1359,-1
527,2509,-1
528,533,1
528,537,1
528,2152,-1
529,533,1
529,534,1
529,1447,-1
530,534,1
530,537,1
530,539,1
531,535,1
531,538,1
531,1244,-1
532,1138,-1
533,534,1
533,536,1
533,868,-1
533,2657,-1
534,539,1
534,1576,-1
535,539,1
536,537,1
536,539,1
536,1025,-1
536,2554,-1
537,538,-1
538,539,1
538,680,-1
538,2428,-1
539,748,-1
539,1937,-1
540,542,1
540,543,1
540,553,1
540,555,1
540,563,1
540,564,1
540,565,1
540,568,1
540,717,-1
541,542,1
541,548,1
541,549,1
541,553,-1
541,561,1
541,564,1
541,566,1
541,1782,-1
542,549,1
542,553,1
542,554,1
542,558,1
542,561,1
542,1110,-1
542,1124,-1
542,1192,-1
542,2811,-1
543,547,1
543,549,1
543,550,1
543,554,1
543,558,1
543,559,1
543,563,1
543,564,1
543,566,1
543,569,1
543,1116,-1
543,2680,-1
544,551,1
544,555,1
544,556,1
544,558,1
544,559,1
544,562,1
544,565,1
544,569,1
544,938,-1
544,1865,-1
545,547,1
545,548,1
545,550,1
545,551,1
545,552,1
545,554,1
545,555,1
545,563,1
545,564,1
545,568,1
545,1426,-1
545,1680,-1
545,2105,-1
546,547,1
546,548,1
546,551,1
546,552,1
546,554,1
546,558,1
546,559,1
546,567,1
546,1149,-1
546,1426,-1
547,556,1
547,561,-1
547,562,1
547,564,1
547,565,1
547,566,1
548,550,1
548,552,1
548,559,1
548,563,1
548,679,-1
549,552,-1
549,560,1
549,561,1
549,710,-1
550,556,1
550,559,1
550,560,1
550,561,1
550,562,1
550,568,1
551,553,1
551,554,1
551,555,1
551,557,1
551,558,1
551,561,1
551,565,1
552,553,1
552,555,1
552,556,1
552,558,1
552,563,1
552,564,1
552,565,1
552,903,-1
552,2461,-1
553,562,1
553,563,1
553,564,1
553,569,1
554,555,1
554,556,1
554,558,1
554,559,1
554,562,1
554,566,1
555,556,1
555,560,1
555,561,1
555,566,1
555,567,1
555,2475,-1
555,2639,-1
556,557,1
556,560,1
556,562,1
556,564,1
557,561,1
557,562,1
557,563,1
557,565,1
557,566,1
557,1802,-1
558,561,1
558,563,1
558,567,1
558,568,1
558,569,-1
558,1550,-1
558,1674,-1
558,1877,-1
559,560,1
559,563,1
559,565,1
559,2382,-1
560,561,1
560,565,1
560,903,-1
560,1981,-1
560,2464,-1
561,564,1
561,568,-1
561,569,1
561,1600,-1
561,1955,-1
561,2275,-1
562,563,1
562,568,1
563,567,1
563,990,-1
563,1382,-1
564,567,1
564,692,-1
564,2176,-1
564,2369,-1
565,2028,-1
566,567,1
566,569,1
568,1624,-1
569,1834,-1
570,571,1
570,590,1
570,592,1
570,594,1
570,1054,-1
570,2904,-1
570,2908,-1
571,573,1
571,575,1
571,576,1
571,577,1
571,579,1
571,582,1
571,585,1
571,587,1
571,588,1
571,592,1
571,593,1
571,597,1
571,2135,-1
572,574,1
572,577,1
572,579,1
572,580,1
572,581,1
572,582,1
572,586,1
572,591,1
572,597,1
572,2912,-1
573,584,1
573,585,1
573,590,1
573,594,1
573,598,1
573,599,1
573,1232,-1
573,2638,-1
574,580,1
574,582,1
574,587,1
574,594,1
574,596,1
574,597,1
574,599,1
574,1098,-1
574,2158,-1
574,2282,-1
575,576,1
575,581,1
575,584,1
575,586,1
575,587,1
575,590,1
575,595,1
575,759,-1
575,1222,-1
575,2894,-1
576,577,1
576,579,1
576,581,1
576,586,1
576,590,1
576,594,1
576,596,1
576,598,1
576,1438,-1
577,578,1
577,581,1
577,593,1
577,595,1
577,597,1
577,598,1
577,599,1
577,1094,-1
578,583,1
578,585,1
578,586,1
578,592,1
578,594,1
578,598,1
578,2066,-1
579,582,1
579,583,1
579,584,1
579,637,-1
580,585,1
580,590,1
580,598,1
580,2707,-1
581,585,1
581,588,1
581,591,1
581,592,1
581,594,1
581,597,1
581,598,1
581,1675,-1
582,583,1
582,586,1
582,587,1
582,588,1
582,592,1
582,594,1
582,596,1
582,2398,-1
582,2961,-1
583,585,1
583,586,1
583,588,1
583,591,1
583,592,1
583,596,1
583,599,1
583,952,-1
583,1600,-1
584,588,1
584,2818,-1
585,590,1
585,597,1
585,598,1
585,599,1
585,2692,-1
587,589,1
587,590,1
587,594,1
587,595,1
587,599,1
587,1304,-1
587,2160,-1
588,589,1
588,590,1
588,594,1
588,595,1
588,596,1
588,2960,-1
589,594,1
589,596,1
589,597,1
589,1549,-1
589,1611,-1
590,591,1
590,592,1
590,593,1
590,594,1
590,595,1
591,592,1
591,594,1
591,653,-1
591,2990,-1
592,2887,-1
593,594,1
593,596,1
593,598,1
593,1938,-1
594,599,1
594,1539,-1
594,1731,-1
594,2403,-1
596,2202,-1
597,1385,-1
597,1406,-1
598,599,1
598,1459,-1
599,1485,-1
600,602,1
600,604,1
600,608,1
600,611,1
600,612,1
600,613,1
600,617,1
600,618,1
600,619,1
600,621,1
600,622,1
600,623,1
600,628,1
601,602,1
601,603,1
601,608,1
601,609,1
601,611,-1
601,612,1
601,614,1
601,618,1
601,619,1
601,623,1
601,625,1
601,626,1
601,627,1
601,628,1
601,1642,-1
602,606,1
602,607,1
602,614,1
602,615,1
602,617,1
602,626,1
602,2103,-1
602,2840,-1
603,609,1
603,614,1
603,619,1
603,622,1
603,624,1
603,627,1
603,628,1
603,2276,-1
604,605,1
604,608,1
604,616,1
604,620,1
604,621,1
604,624,1
604,625,-1
604,626,1
604,627,1
604,629,1
605,607,1
605,616,1
605,619,1
605,621,1
605,625,1
606,611,1
606,617,1
606,620,1
606,621,1
606,623,1
606,625,1
606,626,1
606,628,1
607,608,1
607,616,1
607,618,1
607,619,1
607,622,1
607,624,1
607,627,1
607,2522,-1
608,617,1
608,618,1
608,619,1
608,2425,-1
608,2825,-1
609,611,1
609,612,1
609,616,1
609,618,1
609,620,1
609,627,1
609,629,1
609,1442,-1
610,616,1
610,620,1
610,621,1
610,624,1
610,625,1
610,626,1
610,629,1
610,1747,-1
610,2673,-1
611,613,1
611,617,1
611,618,1
611,621,1
611,623,1
611,627,1
611,628,1
612,618,1
612,619,1
612,625,1
613,616,1
613,617,1
613,619,1
613,621,1
613,622,1
613,623,-1
613,626,1
613,628,1
613,2416,-1
614,617,1
614,621,1
614,624,1
614,626,1
614,706,-1
615,617,1
615,625,1
615,2693,-1
616,626,-1
616,2611,-1
617,618,1
617,620,1
617,624,1
617,628,1
617,1505,-1
618,623,1
618,627,1
618,628,1
618,1295,-1
618,1435,-1
619,620,1
619,621,1
619,623,1
619,629,1
619,1658,-1
620,640,-1
620,1491,-1
621,623,1
621,625,1
621,720,-1
621,954,-1
622,623,1
622,2485,-1
622,2955,-1
623,624,1
623,625,1
623,626,-1
624,627,1
624,629,1
624,1685,-1
625,629,1
625,2582,-1
626,949,-1
627,1737,-1
628,963,-1
629,754,-1
629,914,-1
630,632,1
630,644,1
630,647,1
630,648,1
630,651,1
630,655,1
630,656,1
630,657,1
630,658,1
630,1045,-1
630,2945,-1
631,637,1
631,638,1
631,640,1
631,642,1
631,649,1
631,652,1
631,653,1
631,654,1
631,659,1
631,2260,-1
632,634,1
632,636,1
632,638,1
632,641,1
632,643,1
632,647,1
632,649,1
632,651,1
632,653,1
632,654,1
632,658,1
632,659,1
632,1386,-1
633,634,1
633,635,1
633,636,1
633,637,1
633,638,1
633,640,1
633,641,1
633,642,1
633,643,1
633,648,1
633,655,1
633,656,1
633,659,1
633,741,-1
633,1433,-1
633,2758,-1
634,639,1
634,640,1
634,645,1
634,647,1
634,652,1
634,653,1
634,656,1
634,657,1
634,658,1
634,659,1
635,637,1
635,642,1
635,643,1
635,644,1
635,646,1
635,652,1
635,653,1
635,659,1
636,637,1
636,638,1
636,639,1
636,640,1
636,641,1
636,642,1
636,645,1
636,652,1
636,654,1
636,656,1
636,659,1
637,638,1
637,646,1
637,647,1
637,649,1
637,650,1
637,652,1
637,656,1
638,640,1
638,642,1
638,644,1
638,649,1
638,651,1
638,652,1
638,655,1
638,656,1
638,657,1
638,658,1
638,659,1
639,641,1
639,648,1
639,650,1
639,659,1
639,2058,-1
640,643,1
640,645,1
640,647,1
640,650,1
640,658,1
640,2314,-1
641,643,1
641,644,1
641,646,1
641,647,1
641,2871,-1
642,657,1
642,659,1
642,1546,-1
642,2611,-1
643,645,1
643,648,1
643,649,1
643,652,1
643,653,1
643,656,1
643,658,1
643,1457,-1
644,646,1
644,648,1
644,649,1
644,650,1
644,652,1
644,655,1
644,657,1
644,658,1
645,647,1
645,649,1
645,650,1
645,655,1
645,656,1
646,647,1
646,654,1
646,657,1
646,2132,-1
647,651,1
647,653,1
647,655,1
647,656,1
647,658,1
647,1275,-1
648,650,1
648,653,1
648,656,1
648,659,1
648,1665,-1
649,650,1
649,651,1
649,653,1
649,801,-1
650,657,1
650,658,1
651,652,1
651,654,1
651,657,1
651,658,1
652,653,1
652,654,1
652,1728,-1
652,1757,-1
652,2236,-1
653,654,1
653,658,1
653,659,1
653,2248,-1
654,655,1
655,658,1
655,659,1
655,2040,-1
655,2465,-1
655,2787,-1
656,657,1
656,659,1
656,1776,-1
657,659,1
657,1936,-1
658,2859,-1
660,661,1
660,667,1
660,668,1
660,672,1
660,679,1
660,684,1
660,685,1
660,686,1
660,687,1
660,2559,-1
661,669,1
661,671,1
661,676,1
661,681,1
661,685,1
661,687,1
661,688,1
661,2995,-1
662,673,1
662,675,1
662,676,1
662,678,1
662,679,1
662,681,1
662,686,1
662,1646,-1
662,2777,-1
663,664,1
663,669,-1
663,670,1
663,673,1
663,675,1
663,682,1
663,685,1
663,689,1
663,979,-1
664,666,1
664,667,1
664,671,1
664,673,1
664,678,1
664,681,1
664,687,1
664,688,1
664,689,1
664,1964,-1
665,666,1
665,668,1
665,674,1
665,679,1
665,681,1
665,682,1
665,684,1
665,687,1
665,836,-1
665,858,-1
665,1007,-1
666,667,1
666,679,1
666,680,1
666,683,1
666,685,1
666,686,1
666,688,1
666,689,1
667,668,1
667,672,1
667,676,1
667,677,1
667,678,1
667,688,1
667,689,1
667,1444,-1
667,1789,-1
667,2331,-1
668,669,1
668,671,1
668,672,1
668,673,1
668,674,1
668,676,1
668,677,1
668,679,1
668,684,1
668,1698,-1
668,1829,-1
669,673,1
669,674,1
669,675,1
669,678,-1
669,683,1
669,686,1
669,689,1
669,1762,-1
669,2728,-1
670,671,1
670,672,1
670,674,1
670,675,1
670,678,1
670,682,1
670,684,-1
670,688,1
670,689,1
670,2657,-1
671,674,1
671,676,1
671,678,-1
671,679,1
671,680,1
671,681,1
671,682,1
671,2408,-1
671,2886,-1
672,681,1
672,687,1
672,688,1
672,1064,-1
673,682,1
673,686,1
673,689,1
673,1810,-1
674,675,1
674,677,1
674,682,1
674,686,1
674,688,1
674,2621,-1
675,679,1
675,680,1
675,683,1
675,1554,-1
675,2146,-1
676,678,1
676,684,1
677,679,1
677,681,1
677,684,1
677,685,1
677,686,1
677,742,-1
677,1221,-1
677,2166,-1
678,680,1
678,686,1
678,688,1
678,2109,-1
679,680,1
679,681,1
679,684,1
679,685,1
679,687,1
679,688,1
679,2383,-1
680,683,1
680,686,1
680,689,-1
680,2119,-1
681,682,1
681,684,1
681,686,1
681,688,1
681,689,1
681,2174,-1
681,2211,-1
681,2520,-1
682,684,1
682,687,1
682,688,1
682,689,1
682,1104,-1
683,688,1
683,1606,-1
684,685,1
684,689,-1
684,1488,-1
684,2651,-1
684,2929,-1
685,689,1
686,1042,-1
687,688,1
687,1040,-1
689,2298,-1
690,692,1
690,694,1
690,696,1
690,700,1
690,706,1
690,718,1
690,808,-1
691,695,1
691,697,1
691,701,1
691,706,1
691,707,1
691,713,1
691,716,1
691,717,1
691,1838,-1
691,2905,-1
692,694,1
692,698,1
692,699,1
692,702,1
692,704,1
692,707,1
692,708,1
692,712,1
692,713,1
692,715,1
692,1312,-1
692,2023,-1
692,2178,-1
692,2700,-1
693,697,1
693,702,1
693,707,1
693,710,1
693,712,1
693,713,1
693,714,1
693,716,1
693,718,1
694,697,1
694,704,1
694,707,1
694,714,-1
694,715,1
694,719,1
694,1541,-1
695,699,1
695,700,1
695,702,1
695,707,1
695,709,1
695,711,1
695,713,1
695,2071,-1
696,697,1
696,701,1
696,705,1
696,708,1
696,712,1
696,713,1
696,717,1
696,1888,-1
696,2397,-1
697,701,1
697,702,1
697,705,1
697,706,1
697,712,1
697,714,1
697,716,1
697,1039,-1
697,1677,-1
698,703,1
698,707,1
698,708,1
698,711,1
698,713,1
698,718,1
698,719,1
699,701,1
699,703,1
699,705,1
699,708,1
699,710,1
699,711,1
699,718,1
699,2167,-1
699,2172,-1
700,704,1
700,708,1
700,710,1
700,715,1
700,716,1
700,718,1
700,719,1
701,702,1
701,705,1
701,717,1
701,718,1
702,714,1
702,715,1
702,719,1
703,704,1
703,707,1
703,711,1
703,712,1
703,713,1
703,719,1
703,2791,-1
703,2832,-1
704,705,1
704,708,1
704,710,1
704,715,1
704,1212,-1
704,2854,-1
705,712,1
705,717,1
705,719,1
706,709,1
706,710,1
706,719,1
706,2016,-1
707,711,1
707,718,1
707,719,1
708,710,1
708,715,1
708,1579,-1
709,715,1
709,718,1
709,1395,-1
709,1786,-1
710,714,1
710,715,1
710,718,1
710,1321,-1
711,715,1
711,717,1
711,718,1
711,792,-1
711,1883,-1
712,714,1
712,716,1
712,717,1
712,718,1
712,2264,-1
713,714,1
713,717,1
714,717,1
714,907,-1
715,719,1
715,783,-1
716,717,1
716,1093,-1
717,775,-1
717,2338,-1
718,719,1
718,1821,-1
718,2199,-1
718,2377,-1
718,2734,-1
720,722,1
720,723,1
720,724,1
720,725,1
720,726,1
720,727,1
720,733,1
720,737,1
720,746,1
720,747,1
721,722,1
721,729,1
721,732,1
721,733,1
721,738,1
721,739,1
721,1310,-1
721,1371,-1
721,1806,-1
722,728,1
722,729,1
722,733,1
722,734,-1
722,735,1
722,737,1
722,739,1
722,740,1
722,744,1
722,746,1
723,724,1
723,725,1
723,732,1
723,733,1
723,734,1
723,739,1
723,742,1
723,744,1
723,747,1
723,748,1
724,730,1
724,734,1
724,735,1
724,738,1
724,739,1
724,741,1
724,743,1
724,748,1
724,749,1
725,727,1
725,729,1
725,739,1
725,746,1
726,727,1
726,728,1
726,732,1
726,737,1
726,741,1
726,744,1
726,747,1
726,2126,-1
726,2819,-1
726,2822,-1
727,732,1
727,733,1
727,736,1
727,737,1
727,738,1
727,742,1
727,747,1
727,748,1
727,2393,-1
728,732,1
728,747,1
728,748,1
728,749,1
728,1752,-1
729,732,1
729,733,1
729,735,1
729,739,1
729,743,1
729,745,1
729,747,1
730,732,1
730,733,1
730,734,1
730,735,1
730,736,1
730,741,1
730,747,1
730,1607,-1
731,737,1
731,739,1
731,740,1
731,742,1
731,1344,-1
732,734,1
732,735,1
732,743,1
732,744,1
732,747,1
732,1231,-1
733,734,1
733,739,1
733,742,1
733,745,1
733,746,1
733,969,-1
733,2802,-1
734,741,1
734,744,1
734,745,1
734,1202,-1
734,2257,-1
734,2302,-1
735,740,1
735,742,1
735,743,1
735,744,1
735,2388,-1
736,737,1
736,738,1
736,746,1
736,747,1
736,1196,1
737,738,1
737,743,-1
737,745,1
737,747,1
737,1786,-1
737,2059,-1
737,2204,-1
738,739,1
738,741,1
738,742,1
738,743,1
738,745,1
738,1005,-1
738,2216,-1
738,2797,-1
739,740,1
739,743,1
739,744,1
739,746,1
740,742,1
740,745,1
740,747,1
741,743,1
741,747,1
741,1322,-1
742,749,1
742,884,-1
743,748,1
743,749,1
743,2823,-1
744,745,1
744,2877,-1
744,2963,-1
745,746,1
745,748,1
746,748,1
746,1721,-1
746,1732,-1
747,749,1
747,877,-1
747,1414,-1
747,1728,-1
750,753,1
750,757,1
750,760,1
750,764,1
750,765,1
750,767,1
750,778,1
750,1219,-1
750,2056,-1
751,752,1
751,754,1
751,757,1
751,758,1
751,759,1
751,760,1
751,762,1
751,765,1
751,767,1
751,771,1
751,772,1
751,773,1
751,774,1
751,775,1
751,779,1
751,1478,-1
751,1755,-1
752,761,1
752,764,1
752,767,1
752,2326,-1
752,2927,-1
753,754,1
753,757,1
753,759,1
753,768,1
753,770,1
753,776,1
753,2631,-1
754,755,1
754,757,1
754,758,1
754,761,1
754,768,1
754,771,1
754,772,1
754,774,1
754,775,1
754,778,1
754,779,1
755,756,1
755,759,1
755,763,1
755,765,1
755,766,1
755,768,1
755,773,1
755,778,1
756,758,1
756,759,1
756,772,1
756,775,1
756,777,1
756,1319,1
757,760,1
757,763,1
757,765,1
757,773,1
757,776,1
757,779,1
757,1644,-1
758,759,1
758,762,1
758,773,1
758,774,1
758,777,1
758,779,1
758,986,-1
759,767,1
759,770,1
759,772,1
759,776,1
759,778,1
759,1784,1
760,765,1
760,769,1
760,771,1
760,776,1
760,2817,-1
761,763,1
761,770,1
761,778,-1
762,763,1
762,765,1
762,769,1
762,770,1
762,772,1
762,776,1
762,2525,-1
763,765,1
763,769,1
763,771,1
763,772,1
763,773,1
763,778,1
763,779,1
763,1971,-1
764,768,1
764,769,1
764,775,1
764,777,1
764,778,1
765,767,1
765,769,1
765,775,1
765,776,1
766,767,1
766,770,1
766,773,1
766,777,1
766,1063,-1
766,1660,-1
767,769,1
767,775,1
767,777,1
767,1222,-1
768,776,1
769,774,1
769,1726,-1
770,771,1
770,774,1
770,778,1
770,1360,-1
770,2853,-1
770,2876,-1
771,773,1
771,774,1
771,775,1
771,1889,-1
772,773,1
772,777,1
772,853,-1
772,2673,-1
773,776,1
773,777,1
773,779,1
773,1623,-1
774,777,1
775,776,1
775,777,1
775,2617,-1
777,779,1
777,1326,-1
777,1646,-1
777,1735,-1
777,2115,-1
778,1728,-1
778,2465,-1
780,781,1
780,783,1
780,790,1
780,793,1
780,794,1
780,797,1
780,798,1
780,804,1
780,805,1
780,807,1
780,2990,-1
781,783,1
781,791,1
781,794,1
781,796,1
781,801,1
781,802,1
781,804,-1
781,807,1
781,1883,-1
781,2945,-1
782,783,1
782,786,1
782,788,1
782,790,1
782,793,1
782,799,1
782,802,1
782,803,1
782,805,1
782,806,1
782,808,1
782,2150,-1
783,784,1
783,790,1
783,791,1
783,799,1
783,807,1
783,808,1
784,793,1
784,795,1
784,799,1
784,802,1
784,804,1
784,807,1
784,808,1
784,1290,-1
784,2864,-1
785,787,1
785,790,1
785,798,1
785,801,1
785,805,1
785,1520,-1
785,2286,-1
786,791,1
786,792,1
786,797,1
786,801,1
786,804,1
786,805,1
786,806,1
786,807,1
786,809,1
786,912,-1
786,2005,-1
787,789,1
787,791,1
787,795,1
787,797,1
787,801,1
787,805,1
787,2192,-1
788,789,1
788,791,1
788,792,1
788,795,1
788,798,1
788,806,1
788,808,1
789,790,1
789,792,1
789,793,1
789,800,1
789,801,1
789,804,1
789,806,1
790,795,1
790,797,1
790,798,1
790,800,1
790,803,1
790,804,1
790,805,1
790,809,1
791,795,1
791,799,1
791,803,1
791,804,1
791,805,1
791,807,1
791,809,1
791,2168,-1
791,2253,-1
792,793,1
792,795,1
792,800,1
792,804,1
792,805,1
792,806,1
792,809,1
792,812,-1
793,801,1
793,804,1
793,805,1
793,808,1
794,795,1
794,796,1
794,797,1
794,1193,-1
795,797,1
795,798,1
795,805,1
795,807,1
796,799,1
796,800,1
796,803,1
796,931,-1
796,2177,-1
796,2972,-1
797,798,1
797,804,1
797,807,1
797,809,1
798,801,1
798,805,1
798,809,1
798,2572,1
799,803,1
799,806,1
799,808,1
799,2055,-1
799,2142,-1
799,2352,-1
800,802,1
800,806,1
800,807,1
800,809,1
800,1866,1
801,802,1
801,804,1
801,805,1
801,806,1
801,808,1
802,803,1
802,804,1
802,807,1
803,1320,-1
803,1433,-1
804,808,1
804,1126,-1
804,2191,-1
804,2429,-1
805,806,1
805,807,1
805,809,1
807,809,1
809,2022,-1
810,811,1
810,815,1
810,819,1
810,820,1
810,828,1
810,829,1
810,832,1
810,836,1
810,837,1
810,839,1
811,816,1
811,823,1
811,824,1
811,825,1
811,827,1
811,828,1
811,833,1
811,835,1
811,836,1
811,837,1
812,816,1
812,828,1
812,829,1
812,830,1
812,839,1
813,821,1
813,822,1
813,823,1
813,826,1
813,829,1
813,831,1
813,832,1
813,836,1
813,2753,-1
814,815,1
814,827,1
814,828,1
814,830,1
814,832,1
814,836,-1
814,837,1
815,823,1
815,824,1
815,825,1
815,829,1
815,830,1
815,831,1
816,819,1
816,820,1
816,821,1
816,823,1
816,835,1
816,836,1
816,839,1
816,1892,-1
816,2391,-1
817,830,1
817,831,1
817,832,1
817,834,1
817,836,1
817,838,1
817,839,1
817,2282,-1
818,819,1
818,821,1
818,823,1
818,824,1
818,827,1
818,829,1
818,830,1
818,831,1
818,832,1
818,833,1
818,834,1
818,835,1
818,838,1
818,839,1
818,1142,-1
818,1416,-1
818,2479,-1
818,2770,-1
819,820,1
819,821,1
819,823,1
819,830,1
819,833,1
819,834,1
819,835,1
819,836,1
819,838,1
819,2266,-1
820,825,1
820,832,1
820,835,1
821,824,1
821,827,1
821,828,1
821,830,1
821,832,1
821,833,1
821,839,1
821,2269,-1
822,824,1
822,826,1
822,830,1
822,832,1
823,827,1
823,829,1
823,831,1
823,835,1
823,1188,-1
823,2852,-1
824,826,1
824,828,1
824,834,1
824,839,1
824,930,-1
825,826,1
825,831,1
825,832,1
825,835,1
825,836,1
825,866,-1
825,1529,-1
825,1566,-1
826,831,1
826,833,1
826,837,1
826,839,1
826,2400,-1
826,2983,-1
827,831,1
827,834,1
827,836,1
827,2161,-1
828,830,1
828,834,1
828,836,1
828,839,1
829,831,1
829,832,1
829,833,1
829,838,1
829,839,1
829,2520,-1
829,2556,-1
829,2845,-1
830,833,1
830,836,1
830,837,1
830,839,1
831,832,1
831,835,1
831,836,1
831,838,1
832,834,1
832,837,1
832,838,1
832,839,1
832,952,-1
832,2255,-1
832,2569,-1
832,2634,-1
833,838,1
833,839,1
834,836,1
834,925,-1
834,2748,-1
835,838,1
835,2834,-1
837,1870,-1
838,1701,-1
839,2266,-1
840,841,1
840,846,1
840,848,1
840,849,1
840,858,1
840,859,1
840,861,1
840,863,1
840,864,1
840,865,1
841,846,1
841,849,1
841,853,1
841,857,1
841,858,1
841,859,1
841,861,1
841,863,1
841,865,1
841,867,1
842,849,1
842,854,-1
842,856,1
842,861,1
842,867,1
843,845,1
843,852,1
843,854,1
843,857,1
843,1360,-1
844,849,1
844,850,1
844,851,1
844,858,1
844,859,1
844,865,1
844,866,1
844,867,1
844,1116,-1
844,2269,-1
845,848,1
845,850,1
845,851,1
845,853,1
845,855,1
845,858,1
845,859,1
845,860,1
845,862,1
845,864,1
845,867,1
846,849,1
846,851,1
846,852,1
846,853,1
846,855,1
846,858,1
846,860,1
846,863,1
846,867,1
846,1146,-1
846,2153,-1
847,851,1
847,852,1
847,860,1
847,862,1
847,863,1
847,865,1
847,866,1
847,869,1
847,1157,-1
847,2690,-1
847,2872,-1
848,850,1
848,859,1
848,860,1
848,862,1
848,2271,-1
848,2329,-1
848,2741,-1
849,850,1
849,852,1
849,853,1
849,854,1
849,860,1
849,862,1
849,863,1
849,865,1
849,868,1
849,869,1
850,851,1
850,853,1
850,859,1
850,864,1
850,1062,-1
850,1774,-1
851,853,1
851,858,1
851,859,1
851,864,1
851,865,1
851,866,1
851,869,1
852,856,1
852,857,1
852,858,1
852,861,1
852,863,1
852,867,1
852,868,1
852,2666,-1
852,2856,-1
853,864,1
853,866,1
853,867,1
853,1303,-1
853,1448,-1
853,2021,-1
853,2696,-1
853,2844,-1
854,859,1
854,862,1
855,858,1
855,859,1
855,861,1
855,863,1
855,864,1
855,865,1
855,867,1
856,858,1
856,864,1
856,2271,-1
857,858,1
857,859,1
857,861,1
857,862,1
857,866,1
857,867,1
857,868,1
857,1422,-1
857,2647,-1
858,861,1
858,864,1
858,867,1
858,1190,-1
859,861,1
859,862,1
859,863,1
859,866,1
859,868,1
859,1890,-1
860,861,1
860,862,1
860,863,1
860,864,1
860,866,1
860,2605,-1
860,2709,-1
861,863,1
861,865,1
861,866,1
861,867,1
861,868,1
861,1165,-1
861,2081,-1
862,864,1
862,867,1
862,1142,-1
862,2583,-1
862,2967,-1
863,866,1
863,2817,-1
864,868,1
864,1986,-1
864,2945,-1
865,866,1
865,869,1
865,2435,-1
866,868,1
866,869,1
866,886,-1
866,2275,-1
866,2550,-1
866,2785,-1
867,869,1
870,875,1
870,876,1
870,878,1
870,888,1
870,892,1
870,895,1
870,896,1
870,899,1
871,878,1
871,883,1
871,884,1
871,885,1
871,888,1
871,890,1
871,894,1
871,898,1
872,873,1
872,874,1
872,875,1
872,878,1
872,884,1
872,886,1
872,887,1
872,892,1
872,893,1
872,896,1
872,899,1
872,1896,-1
872,2119,-1
872,2755,-1
873,876,1
873,883,1
873,889,1
873,891,1
873,893,1
873,894,1
873,895,-1
873,899,1
873,2761,-1
874,879,1
874,880,1
874,882,1
874,884,1
874,891,1
874,899,1
874,2123,-1
875,878,1
875,880,1
875,883,1
875,884,1
875,886,1
875,898,1
875,1537,-1
876,880,1
876,882,1
876,883,1
876,885,1
876,892,1
876,893,-1
876,895,1
876,2491,-1
877,878,1
877,881,1
877,882,1
877,886,1
877,888,1
877,889,1
877,894,1
877,1793,-1
877,2372,-1
878,884,1
878,885,1
878,887,1
878,894,1
878,895,1
878,980,-1
878,2662,-1
879,881,1
879,883,1
879,885,1
879,889,1
879,891,1
879,892,1
879,894,1
879,1192,-1
879,2509,-1
880,881,1
880,884,1
880,886,1
880,887,1
880,890,1
880,893,1
880,894,1
880,899,1
880,2148,-1
881,883,1
881,886,1
881,889,1
881,895,1
881,897,1
881,2195,-1
882,883,1
882,884,1
882,886,1
882,891,1
882,892,1
882,895,1
882,2004,-1
882,2046,-1
882,2427,-1
883,884,1
883,885,1
883,890,1
883,892,1
883,893,1
883,895,1
883,898,1
883,899,1
883,1231,-1
883,2754,-1
884,887,-1
884,889,1
884,894,1
884,895,1
884,897,1
884,2418,-1
884,2640,-1
885,889,1
885,890,1
885,891,1
885,896,1
885,898,1
885,899,1
885,1610,-1
886,890,1
886,893,1
886,897,1
886,898,1
886,1960,-1
887,889,1
887,890,1
887,897,1
887,1766,-1
888,889,1
888,891,1
888,892,1
888,894,1
888,1094,-1
888,1376,-1
889,892,1
890,894,1
890,895,1
890,896,1
890,897,1
890,2897,-1
893,896,1
893,897,1
893,898,1
894,895,1
894,2972,-1
895,897,1
895,898,1
895,1302,-1
895,1440,-1
895,1474,-1
897,898,1
897,1444,-1
897,1782,-1
898,1099,-1
898,2097,-1
898,2714,-1
898,2832,-1
899,1319,-1
902,1562,-1
902,2495,-1
903,2577,-1
904,2532,-1
905,1212,-1
908,1317,-1
908,2040,-1
912,1256,-1
912,1368,-1
915,1206,-1
917,1523,-1
917,1540,-1
917,2218,-1
917,2556,-1
917,2955,-1
919,1874,-1
919,2637,-1
919,2887,-1
921,2703,-1
922,1471,-1
923,2357,-1
925,2497,-1
927,2277,-1
927,2619,-1
928,1422,-1
929,1479,-1
933,2327,-1
933,2631,-1
935,1090,1
935,2665,-1
936,1683,-1
936,2735,-1
937,1675,-1
937,2872,-1
938,1399,-1
938,1854,-1
939,1881,-1
939,2094,-1
940,1138,-1
940,1465,-1
943,1934,-1
944,1099,-1
945,1476,-1
945,1995,-1
945,2514,-1
946,1743,-1
947,1093,-1
947,1306,-1
947,2645,-1
948,2836,-1
949,2084,-1
950,1551,-1
950,2251,-1
951,1054,1
953,1833,-1
953,2921,-1
954,2349,-1
956,2166,-1
957,2747,-1
957,2959,-1
958,2272,-1
959,1573,-1
959,2449,-1
960,2194,-1
960,2345,-1
960,2469,-1
961,1524,-1
962,1260,-1
963,1045,-1
963,2653,-1
964,1499,-1
964,1864,-1
968,1506,-1
968,1828,-1
968,2930,-1
970,1806,-1
973,1270,-1
973,2958,-1
975,1881,-1
976,1064,-1
977,1297,-1
977,2758,-1
978,1956,-1
979,2004,-1
979,2436,-1
979,2892,-1
980,1319,-1
981,1840,-1
981,2880,-1
983,1402,-1
985,2620,-1
986,1453,-1
988,2927,-1
990,1770,-1
990,2064,-1
990,2411,-1
990,2628,-1
991,1445,-1
993,1778,-1
995,1115,-1
995,1657,-1
996,1489,-1
996,2094,-1
997,2613,-1
998,1878,-1
999,1282,-1
1001,1245,-1
1001,1261,-1
1001,2589,-1
1002,1088,-1
1003,1213,-1
1003,2594,-1
1004,2310,-1
1006,2633,-1
1007,2487,-1
1008,1096,-1
1008,1883,-1
1009,1837,-1
1010,1042,-1
1010,1569,-1
1010,2438,-1
1013,1265,-1
1013,2065,-1
1014,1579,-1
1014,2112,-1
1016,1860,-1
1019,1160,-1
1020,2309,-1
1021,1979,-1
1021,2733,-1
1022,1620,-1
1022,2948,-1
1023,1280,-1
1024,2868,-1
1024,2966,-1
1025,1553,-1
1026,2475,-1
1027,2814,-1
1028,1290,-1
1028,1497,-1
1029,2005,-1
1030,2692,-1
1035,2460,-1
1037,2165,-1
1038,2205,-1
1040,1369,-1
1040,1847,-1
1040,2803,-1
1042,2675,-1
1043,1345,-1
1044,2304,-1
1045,1576,-1
1046,1758,-1
1046,2403,-1
1047,1953,-1
1048,1244,-1
1049,1807,-1
1050,1813,-1
1050,2294,-1
1052,1872,-1
1052,2483,-1
1053,1245,-1
1053,2280,-1
1055,1572,-1
1056,1379,-1
1056,1977,-1
1059,1144,-1
1059,2208,-1
1061,2577,-1
1062,1279,-1
1063,2437,-1
1064,2308,-1
1066,1887,-1
1068,2092,-1
1070,1696,-1
1070,2189,-1
1070,2443,-1
1071,1538,-1
1075,1409,-1
1075,1805,-1
1076,1458,-1
1077,2421,-1
1078,2201,-1
1079,1148,-1
1083,2829,-1
1084,1938,-1
1084,1948,-1
1086,2557,-1
1086,2821,-1
1087,1728,-1
1088,1917,-1
1089,1393,-1
1089,1642,-1
1090,1241,-1
1091,2911,-1
1092,1984,-1
1092,2071,-1
1092,2562,-1
1094,2092,-1
1095,1678,-1
1098,1650,-1
1098,2499,-1
1102,2025,-1
1105,1250,-1
1105,2789,-1
1107,2204,-1
1107,2957,-1
1108,1861,-1
1109,2215,-1
1110,1386,-1
1110,1919,-1
1113,2773,-1
1114,1283,-1
1115,2524,-1
1116,2942,-1
1120,2437,-1
1121,1646,-1
1122,1496,-1
1123,2505,-1
1123,2524,-1
1124,1787,-1
1126,2866,-1
1127,2065,-1
1128,1358,-1
1128,2429,-1
1129,1879,-1
1130,1152,-1
1130,1533,-1
1132,2742,-1
1132,2914,-1
1134,2398,-1
1134,2872,-1
1135,1719,-1
1135,2112,-1
1137,2841,-1
1137,2889,-1
1138,1493,-1
1138,2115,-1
1138,2608,-1
1138,2848,-1
1142,1524,-1
1143,1346,-1
1148,1198,-1
1148,1804,-1
1149,2349,-1
1150,1724,-1
1150,2128,-1
1150,2152,-1
1151,2456,-1
1152,1646,-1
1154,1489,-1
1154,2126,-1
1156,1179,-1
1156,1809,-1
1158,2331,-1
1159,2962,-1
1161,2603,-1
1162,1459,-1
1162,2265,-1
1164,1188,-1
1165,2471,-1
1166,1918,-1
1168,1476,-1
1168,2242,-1
1169,2854,-1
1170,1349,-1
1170,1455,-1
1171,2514,-1
1175,1339,-1
1175,1409,-1
1175,1707,-1
1175,2353,1
1175,2741,-1
1177,1625,-1
1178,1252,-1
1178,1951,-1
1178,2784,-1
1179,2608,-1
1180,1785,-1
1183,1883,-1
1183,2615,-1
1184,1757,-1
1185,1773,-1
1185,2530,-1
1185,2635,-1
1187,2684,-1
1188,1289,-1
1188,2591,-1
1189,2750,1
1191,2481,-1
1193,1613,-1
1194,1592,-1
1194,2711,-1
1197,2202,-1
1198,2044,-1
1199,2775,-1
1200,2055,-1
1201,2120,-1
1202,1884,-1
1204,2078,-1
1204,2235,-1
1205,1277,-1
1205,1307,-1
1206,1704,-1
1206,2312,-1
1207,2566,-1
1208,2322,-1
1209,2064,-1
1209,2312,-1
1210,2798,-1
1212,2015,-1
1213,1472,-1
1213,2262,-1
1215,2068,-1
1215,2874,1
1216,1888,-1
1217,2620,-1
1217,2634,-1
1218,1438,-1
1218,2293,-1
1219,2152,-1
1221,1552,-1
1221,2134,-1
1222,2600,-1
1226,1951,1
1228,1282,-1
1228,2839,-1
1229,1846,-1
1230,1432,-1
1231,1441,-1
1235,2158,-1
1239,2076,-1
1241,1660,-1
1242,1836,-1
1243,2589,-1
1243,2617,-1
1244,1953,-1
1245,2764,-1
1246,2180,-1
1246,2231,-1
1246,2413,-1
1246,2672,-1
1246,2972,-1
1247,2414,-1
1251,1932,-1
1253,2877,-1
1255,1294,-1
1256,1745,-1
1257,2093,-1
1257,2340,-1
1258,2760,-1
1259,2253,-1
1260,1821,-1
1262,2091,-1
1264,2733,-1
1265,1362,-1
1266,2393,-1
1267,1974,-1
1267,2719,-1
1270,1730,-1
1271,2431,-1
1272,2454,-1
1274,2605,-1
1275,1585,-1
1276,1976,-1
1278,1823,-1
1280,2299,-1
1281,1770,-1
1281,1965,-1
1283,1583,-1
1284,1463,-1
1287,1436,-1
1288,2764,-1
1289,1808,-1
1289,2587,-1
1289,2987,-1
1290,1387,-1
1290,2984,-1
1291,2850,-1
1291,2892,-1
1292,2243,-1
1292,2954,-1
1293,1873,-1
1295,1436,-1
1295,1492,-1
1296,1608,-1
1296,1890,-1
1296,2288,-1
1297,2832,-1
1298,2636,-1
1299,2934,-1
1303,1838,-1
1303,2739,-1
1305,2430,-1
1306,1413,-1
1307,2450,-1
1307,2978,-1
1310,1741,1
1310,2416,-1
1312,2559,-1
1313,2434,-1
1313,2838,-1
1314,1750,-1
1317,1467,-1
1318,2990,-1
1322,1786,-1
1322,1827,-1
1324,2840,-1
1328,2248,-1
1328,2354,-1
1329,2880,-1
1330,1912,-1
1331,1641,-1
1332,2455,-1
1334,2380,-1
1335,1460,-1
1335,2836,-1
1336,1884,-1
1338,1532,-1
1341,2035,-1
1341,2378,-1
1342,2166,-1
1342,2309,-1
1343,2238,-1
1344,1850,-1
1344,2165,-1
1344,2824,-1
1345,2685,-1
1346,1350,1
1347,2482,-1
1348,2577,1
1348,2760,-1
1349,1601,-1
1351,1744,-1
1351,2332,-1
1351,2614,-1
1351,2735,-1
1353,1881,-1
1354,1548,-1
1354,1602,-1
1355,2802,-1
1359,2277,-1
1360,2038,-1
1361,1431,-1
1362,2640,-1
1363,2977,-1
1365,1420,-1
1365,2012,-1
1365,2649,-1
1367,2837,-1
1368,1445,-1
1369,2963,-1
1371,1625,-1
1372,2209,-1
1378,1613,-1
1378,2647,-1
1379,2933,-1
1381,1569,-1
1383,2969,-1
1384,2647,-1
1385,2003,-1
1386,1721,-1
1387,1893,-1
1388,1649,-1
1388,2091,-1
1389,2051,-1
1389,2768,-1
1390,1614,-1
1390,1981,-1
1390,2098,-1
1390,2941,-1
1391,2253,-1
1391,2989,-1
1392,1554,-1
1392,2072,-1
1393,2988,-1
1397,1999,1
1399,1870,-1
1399,2565,-1
1401,2812,-1
1406,2207,-1
1407,1662,-1
1407,1759,-1
1407,2076,-1
1409,2495,-1
1410,1593,-1
1410,2308,-1
1411,1958,-1
1415,2325,-1
1415,2328,-1
1420,2669,-1
1422,1982,-1
1424,2094,-1
1425,1886,-1
1427,2335,-1
1427,2806,-1
1429,1487,-1
1429,2191,1
1429,2416,-1
1430,1504,-1
1432,2671,-1
1433,1681,-1
1434,1639,-1
1435,1881,-1
1435,2012,-1
1438,1739,-1
1438,2901,-1
1439,2262,-1
1440,2117,-1
1443,2967,-1
1444,2522,-1
1447,2491,-1
1447,2831,-1
1448,2146,-1
1450,2434,-1
1452,1591,-1
1452,1743,-1
1453,2493,-1
1454,1663,-1
1455,1948,-1
1457,2366,-1
1458,2749,-1
1459,1980,-1
1459,2579,-1
1460,2773,-1
1461,2674,-1
1462,2149,-1
1462,2314,-1
1462,2598,-1
1463,2236,-1
1464,1893,-1
1466,2747,-1
1467,2378,-1
1467,2651,-1
1468,2799,-1
1470,2513,-1
1471,2321,-1
1471,2688,-1
1471,2778,-1
1473,1656,-1
1474,1898,-1
1475,2314,-1
1477,1826,-1
1478,1871,-1
1478,2687,-1
1480,2172,1
1482,1553,-1
1487,2583,-1
1488,1898,-1
1488,2076,-1
1489,2974,-1
1491,1932,-1
1491,2451,-1
1492,1805,-1
1492,2892,-1
1493,2210,-1
1493,2967,-1
1495,2336,-1
1497,2640,-1
1502,1601,-1
1503,1834,-1
1503,2503,-1
1504,2642,-1
1506,1844,-1
1507,1985,-1
1509,1752,-1
1510,1513,1
1510,1517,1
1510,1520,1
1510,1525,1
1510,1529,1
1510,2515,-1
1511,1513,1
1511,1519,1
1511,1527,1
1511,1979,-1
1512,1518,1
1512,1524,1
1513,1519,1
1513,2432,-1
1513,2649,-1
1513,2816,-1
1514,1516,1
1514,1525,1
1515,1527,1
1515,2361,-1
1516,1518,1
1516,1524,1
1516,1526,1
1516,2725,-1
1517,1521,1
1517,1529,1
1519,1521,1
1519,1522,1
1519,1528,1
1520,1529,1
1521,1523,1
1521,1525,1
1522,1555,-1
1522,2193,-1
1522,2569,-1
1523,1525,1
1523,2101,-1
1523,2823,-1
1524,1525,1
1524,1527,1
1524,1529,1
1526,2724,-1
1527,2307,-1
1528,1529,1
1530,1918,-1
1530,2292,-1
1531,2764,-1
1534,2532,-1
1535,1570,-1
1535,2692,-1
1536,1699,-1
1537,1641,-1
1537,2061,-1
1537,2236,-1
1537,2681,-1
1538,1718,-1
1540,1552,1
1540,2546,-1
1541,1543,1
1541,1544,1
1541,1549,1
1541,1550,1
1541,1577,-1
1541,2804,-1
1542,1549,1
1542,1552,1
1542,2510,-1
1543,1559,1
1543,1733,-1
1543,1769,-1
1543,1789,-1
1543,2487,-1
1544,1545,1
1544,1554,1
1544,2902,-1
1545,1550,1
1545,1552,1
1545,1559,1
1545,2731,-1
1546,1553,1
1546,1554,1
1546,1556,1
1546,1558,1
1546,2457,-1
1547,1554,1
1547,2966,-1
1548,1551,1
1548,1554,1
1548,1555,1
1549,1552,1
1549,1555,1
1549,1558,1
1549,1559,1
1549,1592,-1
1550,1552,1
1550,1553,1
1550,1558,1
1551,1554,1
1551,1832,-1
1551,2152,-1
1551,2645,-1
1552,1556,1
1552,1559,1
1552,2041,-1
1553,2412,-1
1554,1556,1
1554,2592,-1
1555,1556,1
1555,1557,1
1556,1807,-1
1558,2617,-1
1559,1620,-1
1561,1729,-1
1561,1903,-1
1563,2613,-1
1563,2807,-1
1565,2998,-1
1570,1574,1
1570,1576,1
1570,1577,1
1570,1578,1
1570,1782,-1
1571,1587,1
1572,1579,1
1572,2686,-1
1572,2765,-1
1573,1584,1
1573,1585,1
1573,1586,1
1573,1587,1
1574,1578,1
1574,1584,1
1574,1585,1
1575,1581,1
1575,1587,1
1575,2014,-1
1576,1582,1
1576,1583,1
1576,1589,1
1577,1589,1
1578,1585,1
1578,1587,1
1579,1586,1
1579,1588,1
1580,1584,1
1580,1588,1
1580,1589,1
1581,1583,1
1581,1584,1
1581,1697,-1
1582,1588,1
1582,2513,-1
1583,2710,-1
1584,1588,1
1584,2020,-1
1588,1965,-1
1590,2370,-1
1595,1767,-1
1595,2789,-1
1596,2001,-1
1596,2166,-1
1598,2218,-1
1600,1612,1
1600,2406,-1
1601,1604,1
1601,1610,1
1601,1613,1
1601,1617,1
1601,1619,1
1602,1605,1
1602,1607,1
1602,1613,1
1602,1615,1
1602,1617,1
1603,1615,1
1603,2185,-1
1603,2909,-1
1605,1612,1
1605,1613,1
1605,2165,-1
1605,2969,-1
1606,1615,1
1606,1617,1
1606,2064,-1
1607,1619,1
1607,2443,-1
1608,1609,1
1608,1611,1
1608,2565,-1
1609,1613,1
1609,1617,1
1610,1616,1
1610,1617,1
1611,1618,1
1613,1616,1
1614,1616,1
1614,2778,-1
1616,1617,1
1617,1618,1
1617,1619,1
1624,2279,-1
1624,2445,-1
1627,2549,-1
1629,1652,-1
1630,1634,1
1630,1639,-1
1630,1641,1
1630,1644,1
1630,1648,1
1630,1878,-1
1631,1636,1
1631,1646,1
1631,2253,-1
1632,1643,1
1632,1644,1
1633,1635,1
1633,1637,1
1634,1641,1
1634,1649,1
1634,2445,-1
1635,1644,1
1636,1639,1
1636,1641,1
1636,1644,1
1637,1646,1
1637,1649,1
1637,2175,-1
1637,2267,-1
1638,1645,1
1638,1646,1
1638,1647,1
1638,2264,-1
1639,1640,1
1639,1645,1
1639,2192,-1
1640,1642,1
1640,1646,1
1640,1647,1
1641,1644,1
1642,1643,1
1642,1880,-1
1642,2935,-1
1643,1645,1
1643,1647,1
1643,2470,-1
1643,2571,-1
1643,2883,-1
1644,2662,-1
1646,2106,-1
1646,2389,-1
1646,2786,-1
1648,1729,-1
1652,1773,-1
1654,2422,-1
1656,2480,-1
1658,2218,-1
1659,2587,-1
1660,1666,1
1660,1672,1
1661,1666,1
1661,1673,1
1661,2391,-1
1661,2599,-1
1661,2863,-1
1662,1663,1
1662,1666,1
1662,2764,-1
1663,1664,1
1663,1666,-1
1663,1675,1
1663,1676,1
1664,1674,1
1664,1686,-1
1665,1666,1
1665,1670,1
1665,1673,1
1665,1948,-1
1665,2150,-1
1666,1668,1
1666,1671,-1
1666,1672,1
1666,1674,1
1666,1675,1
1667,1675,1
1667,1676,1
1668,2422,-1
1669,1671,1
1669,1681,-1
1669,2329,-1
1670,1674,1
1671,1675,1
1672,1675,1
1672,1677,1
1672,1808,-1
1672,2831,-1
1673,1675,1
1673,1678,1
1673,2797,-1
1675,1676,1
1676,1679,1
1677,1931,-1
1677,2432,-1
1679,2836,-1
1680,1960,-1
1683,2114,-1
1684,1995,-1
1686,2135,-1
1688,1747,-1
1690,1691,1
1690,1697,1
1690,1847,-1
1690,1906,-1
1691,1694,1
1691,1704,1
1692,1697,1
1692,1701,1
1692,1704,1
1692,1879,-1
1692,1984,-1
1693,1700,1
1693,1703,1
1694,1696,1
1694,2198,-1
1695,1697,1
1697,1700,1
1697,1705,1
1697,1707,1
1698,1701,1
1698,1702,1
1698,1704,1
1698,1705,1
1698,1706,1
1698,1707,1
1699,1707,1
1699,1709,1
1700,1707,1
1700,1945,-1
1700,2131,-1
1701,1708,1
1701,2441,-1
1701,2446,-1
1702,1705,1
1704,1708,1
1705,1709,1
1705,2036,-1
1705,2244,-1
1707,2618,-1
1708,1972,-1
1710,2008,-1
1711,2172,-1
1713,1851,-1
1713,2237,-1
1716,2962,-1
1717,2160,-1
1719,2978,-1
1720,1722,1
1720,1727,1
1720,1729,1
1720,1731,1
1720,1734,1
1720,1739,1
1721,1726,1
1721,1733,1
1721,1735,1
1721,1767,-1
1722,1726,1
1722,1727,1
1722,1735,1
1722,2304,-1
1722,2672,-1
1723,1726,1
1723,1730,1
1723,1735,1
1723,1738,1
1724,1730,1
1725,1726,1
1725,1728,1
1725,2092,-1
1726,1730,1
1726,2160,-1
1727,1736,1
1727,1737,1
1728,1735,1
1728,2946,-1
1729,1730,1
1730,1737,1
1730,1738,1
1730,2051,-1
1732,1736,1
1733,1735,1
1733,1771,-1
1733,1908,-1
1734,1735,1
1735,1737,1
1739,2584,-1
1740,2704,-1
1744,2305,-1
1745,1817,-1
1746,2904,-1
1748,2448,-1
1750,1752,1
1750,1760,1
1750,1763,1
1751,1758,1
1751,1765,1
1751,1767,1
1752,1757,1
1752,1759,1
1752,1769,1
1752,1841,-1
1753,1756,1
1753,1765,1
1753,1767,1
1754,1761,1
1754,1765,1
1755,1763,1
1756,1758,1
1756,1850,-1
1757,1759,1
1757,1762,1
1757,2380,-1
1758,1763,-1
1759,1765,1
1759,2185,-1
1759,2515,-1
1761,1766,1
1761,2762,-1
1762,1768,1
1763,1768,1
1763,2214,-1
1763,2678,-1
1763,2826,-1
1763,2894,-1
1764,1769,1
1764,2728,-1
1766,1769,1
1767,1768,1
1767,2827,-1
1770,2412,-1
1771,2024,-1
1772,2442,-1
1773,1820,-1
1774,2745,-1
1775,1849,-1
1777,2441,-1
1777,2545,-1
1778,2976,-1
1780,1784,1
1780,1797,1
1780,1799,1
1781,1782,1
1781,1794,1
1781,2342,-1
1782,1785,1
1782,1794,1
1783,1786,1
1783,1796,1
1784,1790,1
1784,1798,1
1784,2212,-1
1784,2455,-1
1785,1791,1
1785,1799,1
1785,2145,-1
1786,1980,-1
1786,2901,-1
1787,1788,1
1787,1794,1
1788,1805,-1
1789,1793,1
1789,1799,1
1789,2077,-1
1790,1792,1
1790,1799,1
1790,2111,-1
1791,1794,1
1791,1797,1
1792,1795,1
1792,2160,-1
1793,2576,-1
1793,2873,-1
1795,1799,1
1795,2136,-1
1795,2218,-1
1796,1798,1
1797,1799,1
1798,2605,-1
1800,2342,-1
1800,2634,-1
1804,2321,-1
1806,2218,-1
1810,1825,1
1810,1828,1
1811,1815,1
1811,1819,1
1811,1822,1
1811,1823,1
1811,1829,1
1812,1821,1
1812,1823,1
1813,1814,1
1813,1817,1
1814,1825,1
1814,1828,1
1814,1888,-1
1814,2971,-1
1815,1819,1
1815,1820,1
1815,1824,1
1815,1826,1
1816,1823,1
1816,2438,-1
1817,1818,1
1817,1820,1
1817,1827,1
1817,1829,1
1817,2867,-1
1819,1828,1
1819,1829,1
1820,1825,1
1820,1982,-1
1820,2023,-1
1821,2374,-1
1822,1826,1
1823,1826,1
1823,1828,1
1823,1829,1
1823,2629,-1
1823,2763,-1
1824,1826,1
1825,1826,1
1827,2505,-1
1828,1829,1
1828,2426,-1
1829,2751,-1
1830,2652,-1
1831,2524,-1
1832,2061,-1
1836,2160,-1
1836,2558,-1
1836,2566,-1
1837,2219,-1
1840,1843,1
1840,1847,1
1840,2183,-1
1841,1847,1
1841,1848,1
1841,1853,1
1841,1856,1
1841,1988,-1
1842,1847,1
1843,1858,1
1844,1851,1
1844,1854,1
1844,2201,-1
1844,2947,-1
1845,1851,1
1846,1847,1
1846,2298,-1
1847,1850,1
1847,1854,1
1848,2659,-1
1849,1857,1
1850,1852,1
1850,2964,-1
1851,1858,1
1853,1858,1
1854,1856,1
1855,1858,1
1855,1932,-1
1856,1857,1
1856,1859,1
1857,1859,1
1858,2258,-1
1859,2588,-1
1863,2930,-1
1865,2183,-1
1867,2500,-1
1870,1872,1
1870,1878,1
1870,1881,1
1870,1887,1
1871,1876,1
1871,1878,1
1871,1882,1
1871,1883,1
1871,1884,1
1871,2020,-1
1872,1879,1
1872,2430,-1
1873,1882,1
1873,1888,1
1874,1875,-1
1874,1880,1
1874,1884,1
1874,2924,-1
1875,1876,1
1875,1883,1
1875,2823,-1
1876,1883,1
1876,1884,1
1876,1885,1
1876,1887,1
1876,2446,-1
1877,1882,1
1877,1884,1
1877,1885,1
1877,1887,1
1878,1883,1
1879,1881,1
1879,1885,1
1880,2749,1
1881,1884,1
1881,1886,1
1881,1888,1
1881,1889,1
1882,1885,1
1883,2070,-1
1883,2723,-1
1885,1887,1
1885,2339,-1
1886,1887,1
1886,1988,-1
1887,2607,-1
1889,2148,-1
1892,2132,-1
1893,2855,-1
1898,2965,-1
1899,1961,-1
1900,1902,1
1900,1903,1
1900,1918,1
1900,2511,-1
1901,1905,1
1901,1906,1
1901,1911,1
1902,1903,1
1902,1904,1
1902,1908,-1
1902,1911,1
1903,1917,1
1904,1909,1
1904,1914,1
1904,1918,1
1904,1919,1
1905,1910,1
1905,1917,1
1905,1918,1
1906,1908,1
1906,1912,1
1906,1913,1
1907,1913,1
1907,2591,-1
1908,1913,1
1908,1917,1
1908,1950,-1
1911,1912,1
1911,1917,1
1911,1919,1
1911,2197,-1
1911,2876,-1
1912,1914,1
1912,1916,1
1912,2619,-1
1913,1918,1
1913,2182,-1
1913,2489,-1
1914,2488,-1
1915,1917,1
1915,1918,1
1915,2618,-1
1916,2033,-1
1917,2947,-1
1918,1919,1
1919,2669,-1
1921,2874,-1
1924,2419,-1
1925,2194,-1
1928,1959,-1
1928,2600,-1
1928,2919,-1
1930,1931,1
1930,1942,1
1931,1936,1
1931,1939,1
1931,2720,-1
1932,1934,1
1932,1943,1
1932,1947,1
1932,2114,-1
1933,1938,1
1933,1940,1
1933,1941,1
1933,1948,1
1934,1935,1
1934,1941,1
1934,1948,1
1936,1941,1
1936,1949,1
1937,1938,1
1937,1941,1
1937,1945,1
1937,2294,-1
1937,2903,-1
1938,1949,1
1939,2208,-1
1940,1943,1
1941,1944,1
1941,1949,1
1941,2418,1
1941,2586,-1
1942,1943,1
1942,1944,1
1942,1945,1
1942,1949,1
1942,2210,-1
1943,1946,1
1943,1949,1
1943,2680,-1
1944,2380,-1
1946,2829,-1
1947,2376,-1
1947,2771,-1
1948,2389,-1
1953,1987,-1
1955,2340,-1
1958,2094,-1
1959,2289,-1
1960,1961,1
1960,1967,1
1961,1963,1
1961,1964,1
1961,1966,1
1961,1971,1
1961,1973,1
1962,1974,1
1963,1974,1
1963,1977,1
1963,1978,1
1963,2709,-1
1964,1971,1
1964,1977,1
1964,1978,1
1964,2947,-1
1965,1977,1
1965,2504,-1
1966,1972,1
1966,1973,1
1967,2560,-1
1967,2956,-1
1968,1971,1
1968,1979,1
1968,2244,1
1969,1970,1
1969,1977,1
1969,2335,-1
1969,2732,-1
1970,1974,1
1970,1976,1
1971,2836,-1
1972,2345,-1
1972,2426,-1
1972,2839,-1
1974,1979,1
1975,1977,1
1977,1978,1
1978,2817,-1
1984,2028,-1
1984,2355,-1
1984,2913,-1
1986,2004,-1
1989,2070,-1
1990,1991,1
1990,1996,1
1990,2009,1
1991,1992,1
1991,1993,1
1991,1996,1
1991,2008,1
1991,2204,-1
1992,2007,1
1992,2201,-1
1992,2790,-1
1993,1997,1
1993,1998,1
1993,2000,1
1993,2670,-1
1994,1997,1
1995,1996,1
1995,2002,1
1996,2003,1
1996,2009,1
1996,2487,-1
1996,2538,-1
1997,2005,1
1997,2099,-1
1997,2686,-1
1998,2002,1
1998,2007,1
1998,2022,-1
1998,2734,-1
1999,2000,1
1999,2002,1
2000,2002,1
2000,2009,1
2000,2777,-1
2001,2002,1
2001,2005,1
2002,2003,1
2002,2006,1
2002,2009,1
2004,2005,1
2004,2006,1
2006,2007,1
2007,2009,1
2007,2613,-1
2008,2287,-1
2009,2929,-1
2010,2253,-1
2010,2546,-1
2011,2534,-1
2012,2988,-1
2013,2972,-1
2014,2994,-1
2017,2216,-1
2020,2027,1
2020,2029,1
2020,2034,1
2020,2036,1
2021,2032,1
2021,2035,1
2022,2024,1
2022,2025,1
2022,2036,1
2022,2303,-1
2023,2030,1
2023,2033,1
2023,2034,1
2024,2029,1
2024,2030,1
2025,2030,1
2025,2035,1
2025,2036,1
2026,2033,1
2026,2035,1
2026,2036,1
2026,2038,1
2026,2039,1
2027,2028,-1
2027,2031,1
2027,2033,1
2028,2044,-1
2028,2940,-1
2029,2034,1
2030,2031,1
2030,2032,1
2030,2034,1
2030,2037,1
2031,2398,-1
2033,2034,1
2033,2038,1
2033,2369,-1
2034,2036,1
2034,2037,1
2034,2038,1
2042,2682,-1
2044,2510,-1
2045,2385,-1
2048,2108,-1
2048,2834,-1
2049,2188,-1
2050,2057,1
2050,2060,-1
2050,2063,1
2050,2065,1
2050,2763,-1
2051,2056,1
2051,2060,1
2051,2068,1
2052,2056,1
2052,2057,1
2052,2065,1
2052,2069,1
2053,2055,1
2053,2394,-1
2054,2057,1
2054,2059,1
2054,2066,1
2054,2068,1
2055,2061,1
2055,2066,1
2055,2067,1
2055,2069,1
2055,2345,-1
2055,2453,-1
2055,2461,-1
2056,2058,1
2056,2063,1
2056,2069,1
2057,2060,1
2057,2064,1
2058,2061,1
2058,2069,1
2059,2061,1
2059,2069,1
2059,2891,-1
2060,2061,1
2061,2951,-1
2062,2066,1
2062,2068,1
2063,2066,1
2064,2066,1
2064,2069,1
2065,2068,1
2066,2812,-1
2067,2068,1
2071,2238,-1
2072,2873,-1
2080,2086,1
2080,2089,1
2080,2090,1
2080,2095,1
2080,2096,1
2080,2097,1
2080,2098,1
2081,2084,1
2081,2088,1
2081,2098,1
2082,2084,1
2082,2085,1
2082,2094,1
2082,2095,1
2083,2085,1
2083,2086,1
2083,2091,1
2083,2097,-1
2083,2527,-1
2083,2789,-1
2084,2095,1
2085,2087,1
2085,2089,1
2085,2097,1
2086,2088,1
2086,2092,1
2086,2095,1
2086,2099,1
2086,2387,-1
2087,2092,1
2087,2095,1
2087,2098,1
2087,2719,-1
2088,2523,-1
2089,2097,1
2089,2837,-1
2090,2091,1
2090,2093,1
2090,2095,1
2090,2096,1
2090,2099,1
2091,2093,1
2091,2096,1
2091,2098,1
2091,2192,-1
2092,2094,1
2092,2785,-1
2093,2095,1
2093,2294,-1
2093,2524,-1
2094,2098,1
2094,2790,-1
2099,2127,-1
2099,2815,-1
2099,2989,-1
2101,2890,-1
2102,2264,-1
2102,2435,-1
2109,2301,-1
2110,2609,-1
2118,2720,-1
2122,2151,-1
2122,2159,-1
2124,2433,-1
2125,2340,-1
2125,2644,-1
2126,2773,-1
2127,2579,-1
2128,2596,-1
2129,2722,-1
2130,2251,-1
2130,2349,-1
2131,2993,-1
2133,2529,-1
2135,2765,-1
2140,2284,-1
2140,2565,-1
2145,2527,-1
2156,2603,-1
2161,2814,-1
2162,2200,-1
2162,2471,-1
2167,2447,-1
2170,2434,-1
2170,2549,-1
2179,2304,-1
2184,2350,-1
2184,2376,-1
2185,2558,-1
2190,2640,-1
2191,2984,-1
2192,2267,-1
2194,2736,-1
2194,2898,-1
2195,2451,-1
2198,2364,-1
2198,2518,-1
2205,2664,-1
2205,2718,-1
2207,2465,-1
2207,2729,-1
2216,2247,-1
2216,2887,-1
2219,2965,-1
2222,2740,-1
2223,2857,-1
2227,2729,-1
2231,2486,-1
2231,2941,-1
2233,2738,-1
2235,2639,-1
2235,2726,-1
2243,2603,-1
2244,2933,-1
2252,2487,-1
2253,2962,-1
2254,2484,-1
2259,2765,-1
2261,2465,-1
2261,2809,-1
2263,2922,-1
2268,2823,-1
2269,2315,-1
2269,2906,-1
2270,2727,-1
2287,2652,-1
2296,2348,-1
2296,2528,-1
2298,2340,-1
2306,2687,-1
2308,2768,-1
2324,2666,-1
2325,2619,-1
2325,2796,-1
2329,2457,-1
2330,2389,-1
2339,2575,-1
2340,2709,-1
2340,2878,-1
2343,2501,-1
2347,2932,-1
2348,2571,-1
2350,2553,-1
2354,2913,-1
2365,2877,-1
2372,2525,-1
2376,2706,-1
2382,2576,-1
2382,2955,-1
2383,2441,-1
2383,2859,-1
2385,2650,-1
2386,2977,-1
2393,2655,-1
2400,2525,-1
2401,2736,-1
2415,2653,-1
2415,2769,-1
2416,2664,-1
2417,2818,-1
2422,2453,-1
2428,2450,-1
2432,2851,-1
2435,2844,-1
2436,2598,-1
2437,2876,-1
2441,2473,-1
2441,2551,-1
2443,2659,-1
2444,2727,-1
2445,2541,-1
2445,2961,-1
2447,2584,-1
2450,2882,-1
2456,2480,-1
2456,2760,-1
2459,2781,-1
2466,2523,-1
2467,2629,-1
2467,2808,-1
2472,2648,-1
2472,2651,-1
2476,2894,-1
2488,2606,-1
2490,2594,-1
2491,2810,-1
2496,2699,-1
2503,2767,-1
2503,2917,-1
2507,2546,-1
2512,2633,-1
2522,2699,1
2522,2928,-1
2526,2885,-1
2535,2929,-1
2540,2640,-1
2542,2739,-1
2543,2896,-1
2548,2771,-1
2549,2810,-1
2550,2554,1
2550,2555,1
2550,2556,1
2550,2573,1
2550,2579,1
2551,2554,1
2551,2566,1
2551,2893,-1
2552,2562,1
2552,2573,1
2552,2641,-1
2553,2557,1
2553,2565,1
2553,2566,1
2553,2567,1
2553,2571,1
2553,2574,1
2554,2558,1
2554,2560,1
2554,2563,1
2554,2565,1
2554,2576,1
2554,2579,1
2555,2556,1
2555,2562,1
2555,2671,-1
2556,2573,1
2557,2559,1
2557,2563,1
2557,2565,1
2557,2568,1
2557,2576,1
2557,2659,-1
2558,2566,1
2558,2571,1
2559,2573,1
2559,2578,1
2560,2568,1
2560,2577,1
2561,2571,1
2561,2575,1
2561,2576,1
2561,2579,1
2562,2565,1
2562,2568,1
2562,2573,1
2563,2574,1
2564,2569,1
2564,2572,1
2564,2574,1
2564,2576,1
2565,2568,1
2565,2571,1
2565,2578,1
2566,2567,1
2566,2568,1
2566,2576,1
2567,2578,1
2568,2579,1
2569,2577,1
2570,2576,1
2571,2573,1
2571,2852,-1
2573,2575,1
2573,2577,1
2573,2578,1
2574,2578,1
2575,2577,1
2575,2820,-1
2577,2792,-1
2580,2583,1
2580,2588,1
2580,2591,1
2580,2593,1
2580,2595,1
2580,2597,-1
2580,2608,1
2581,2586,1
2581,2609,1
2581,2744,-1
2582,2589,-1
2582,2592,1
2582,2595,1
2583,2590,1
2583,2591,1
2583,2592,1
2583,2597,1
2583,2598,1
2584,2593,1
2584,2604,1
2584,2965,-1
2585,2587,1
2585,2600,1
2585,2601,1
2585,2604,1
2586,2590,1
2587,2608,1
2587,2896,-1
2588,2604,1
2589,2593,1
2589,2601,1
2589,2602,1
2590,2597,1
2590,2791,1
2591,2592,1
2591,2600,1
2591,2603,1
2591,2605,1
2591,2607,1
2592,2605,1
2593,2653,-1
2593,2780,-1
2594,2602,1
2594,2603,1
2594,2607,1
2594,2608,1
2594,2609,1
2595,2601,1
2595,2609,1
2596,2599,1
2597,2600,1
2597,2603,1
2597,2606,1
2597,2609,1
2599,2602,1
2599,2604,1
2600,2603,1
2600,2605,1
2600,2609,1
2601,2602,1
2603,2608,1
2604,2605,1
2605,2607,1
2605,2608,1
2610,2622,1
2610,2626,1
2611,2622,1
2611,2630,1
2612,2619,1
2612,2624,1
2612,2626,1
2612,2627,1
2612,2630,1
2612,2633,1
2613,2614,1
2613,2620,1
2613,2623,1
2613,2639,1
2613,2684,-1
2614,2623,1
2614,2631,1
2614,2638,1
2615,2627,1
2615,2634,1
2615,2639,1
2616,2620,1
2616,2625,1
2616,2635,1
2616,2638,1
2617,2639,1
2618,2625,1
2618,2626,1
2618,2635,1
2618,2636,1
2619,2622,1
2619,2636,1
2619,2730,-1
2620,2625,1
2620,2629,1
2620,2631,1
2620,2632,1
2620,2637,1
2621,2628,1
2621,2639,1
2622,2637,1
2623,2628,1
2623,2638,1
2624,2628,1
2624,2629,1
2624,2630,1
2624,2635,1
2625,2628,1
2625,2633,1
2625,2634,1
2625,2635,1
2625,2639,1
2625,2703,-1
2626,2629,1
2626,2637,1
2627,2635,1
2627,2636,1
2628,2634,1
2628,2635,1
2629,2633,1
2629,2637,1
2629,2799,-1
2631,2639,1
2633,2822,-1
2637,2639,1
2640,2645,1
2640,2668,1
2641,2646,1
2641,2653,1
2641,2654,1
2641,2669,1
2642,2649,1
2642,2657,1
2642,2667,1
2643,2657,1
2643,2660,-1
2643,2661,1
2643,2663,1
2643,2665,1
2643,2666,1
2643,2668,1
2644,2654,1
2644,2655,1
2644,2663,1
2644,2665,1
2644,2666,1
2645,2649,1
2645,2662,1
2646,2649,1
2646,2655,1
2646,2658,1
2646,2925,-1
2647,2648,1
2647,2653,1
2647,2654,1
2647,2656,1
2647,2661,1
2649,2661,-1
2649,2907,-1
2650,2655,1
2650,2661,1
2650,2665,1
2651,2654,1
2651,2663,1
2652,2660,1
2653,2656,1
2653,2660,1
2653,2664,1
2653,2667,1
2654,2656,1
2654,2667,1
2654,2668,1
2655,2658,1
2656,2667,1
2657,2669,1
2658,2663,1
2659,2663,1
2659,2665,1
2660,2666,1
2660,2739,-1
2661,2662,1
2662,2665,1
2665,2789,-1
2666,2816,-1
2669,2742,-1
2670,2674,1
2670,2682,1
2670,2686,1
2670,2688,1
2670,2694,1
2671,2674,1
2671,2677,1
2671,2686,1
2671,2691,-1
2672,2676,1
2672,2684,1
2672,2695,1
2672,2699,1
2672,2973,-1
2673,2676,1
2673,2678,1
2673,2689,-1
2673,2697,1
2673,2823,-1
2674,2679,1
2674,2685,1
2674,2687,1
2674,2692,1
2675,2680,-1
2675,2684,1
2675,2689,1
2675,2690,1
2675,2691,1
2675,2692,1
2675,2696,1
2675,2698,1
2676,2677,1
2676,2679,1
2676,2685,1
2676,2693,1
2676,2694,1
2677,2678,1
2677,2682,1
2677,2686,-1
2677,2689,1
2678,2693,1
2678,2698,1
2679,2689,1
2679,2694,1
2680,2686,1
2680,2698,1
2680,2811,-1
2680,2849,-1
2681,2686,1
2681,2693,1
2682,2684,1
2682,2686,1
2682,2689,1
2682,2695,1
2683,2684,1
2683,2696,1
2684,2689,1
2684,2690,1
2684,2694,1
2684,2696,1
2685,2689,1
2685,2693,1
2685,2694,1
2685,2696,1
2686,2690,1
2686,2692,1
2686,2695,1
2686,2697,1
2686,2698,1
2686,2699,1
2686,2703,-1
2687,2697,1
2688,2690,1
2688,2693,1
2688,2695,1
2689,2693,1
2690,2693,1
2690,2695,1
2691,2693,1
2692,2695,1
2692,2697,1
2692,2699,1
2693,2695,1
2694,2695,1
2694,2696,1
2694,2698,1
2694,2890,-1
2695,2697,1
2695,2993,-1
2696,2763,-1
2697,2699,1
2700,2710,1
2700,2712,1
2700,2714,1
2700,2716,1
2701,2706,1
2701,2715,1
2701,2727,1
2702,2716,1
2702,2717,1
2702,2718,1
2702,2725,1
2702,2726,-1
2703,2704,1
2703,2717,1
2703,2727,1
2703,2779,-1
2704,2706,1
2704,2718,1
2705,2707,1
2705,2718,1
2705,2727,1
2705,2728,1
2705,2729,1
2706,2708,1
2706,2711,1
2706,2715,1
2706,2718,1
2706,2720,1
2706,2721,1
2706,2727,1
2707,2709,1
2707,2711,1
2707,2716,1
2707,2718,1
2707,2720,1
2707,2728,1
2708,2716,1
2708,2721,1
2708,2725,1
2708,2735,-1
2709,2713,1
2710,2714,1
2711,2715,1
2711,2719,1
2711,2722,1
2711,2725,1
2711,2728,1
2711,2729,1
2712,2717,1
2712,2723,1
2712,2726,1
2713,2715,1
2713,2718,1
2713,2725,1
2714,2717,1
2715,2720,1
2715,2725,1
2716,2724,1
2716,2728,1
2718,2720,1
2718,2722,1
2718,2725,1
2720,2723,1
2721,2727,1
2722,2723,1
2723,2728,1
2724,2725,1
2725,2728,1
2726,2727,1
2726,2728,1
2730,2732,1
2730,2738,1
2730,2749,1
2730,2750,1
2730,2755,1
2730,2759,1
2731,2735,1
2731,2742,1
2732,2736,1
2732,2737,1
2732,2738,1
2732,2744,1
2732,2750,1
2732,2753,1
2732,2754,1
2732,2755,1
2732,2756,1
2732,2757,1
2732,2759,1
2733,2734,1
2733,2735,1
2733,2738,1
2733,2747,1
2733,2748,1
2733,2752,1
2733,2754,1
2733,2756,1
2733,2941,-1
2734,2736,1
2734,2742,1
2734,2749,1
2734,2750,1
2734,2751,1
2734,2753,1
2735,2740,1
2735,2742,1
2735,2748,1
2735,2757,1
2735,2758,1
2736,2737,1
2736,2745,1
2736,2746,1
2737,2750,1
2737,2751,1
2737,2758,1
2737,2759,1
2738,2744,1
2738,2751,1
2738,2757,1
2738,2759,1
2738,2968,-1
2739,2755,1
2740,2744,1
2740,2747,1
2740,2755,1
2740,2757,1
2741,2742,1
2741,2754,1
2741,2757,1
2742,2747,1
2742,2750,1
2742,2751,1
2742,2757,1
2742,2842,-1
2743,2747,1
2743,2753,1
2743,2755,1
2744,2750,1
2744,2754,1
2744,2757,1
2744,2758,1
2745,2751,1
2745,2753,1
2746,2754,1
2748,2749,1
2748,2752,1
2749,2790,-1
2751,2752,1
2751,2754,1
2751,2755,1
2754,2921,-1
2756,2757,1
2756,2758,1
2758,2945,-1
2760,2766,1
2760,2780,1
2760,2781,1
2760,2788,1
2761,2771,1
2761,2774,1
2762,2764,1
2762,2773,1
2763,2768,1
2763,2775,1
2763,2779,1
2763,2782,1
2763,2784,1
2763,2787,1
2764,2772,1
2764,2776,1
2764,2777,1
2764,2780,1
2765,2781,1
2765,2783,1
2766,2768,1
2766,2785,1
2767,2778,1
2767,2780,1
2767,2784,1
2768,2789,1
2769,2770,1
2769,2771,1
2769,2774,1
2769,2775,1
2770,2773,1
2770,2774,1
2770,2776,1
2770,2782,1
2771,2774,1
2771,2786,1
2772,2774,1
2772,2780,1
2772,2784,1
2772,2785,1
2773,2777,1
2773,2778,1
2773,2784,1
2774,2788,1
2775,2778,1
2775,2780,1
2775,2783,1
2776,2784,1
2777,2780,1
2777,2782,1
2777,2787,1
2778,2786,1
2778,2789,1
2780,2782,1
2780,2788,1
2781,2787,1
2782,2785,1
2784,2786,1
2784,2789,1
2789,2998,-1
2790,2805,1
2790,2810,1
2790,2811,1
2790,2815,1
2791,2802,1
2791,2804,1
2791,2807,1
2791,2809,1
2791,2819,1
2792,2811,1
2792,2816,1
2792,2999,-1
2793,2794,-1
2793,2804,1
2793,2808,1
2793,2816,1
2794,2803,1
2794,2805,1
2794,2806,1
2794,2814,1
2794,2817,1
2795,2798,1
2795,2801,1
2795,2802,1
2795,2806,1
2795,2809,1
2795,2810,1
2795,2815,1
2796,2800,1
2796,2803,1
2796,2813,1
2796,2814,1
2797,2804,1
2797,2810,1
2797,2812,1
2798,2801,1
2798,2804,1
2798,2806,1
2798,2810,1
2798,2812,1
2798,2815,1
2799,2801,1
2799,2807,1
2799,2818,1
2800,2807,1
2800,2813,1
2801,2805,1
2801,2812,1
2801,2813,1
2801,2815,1
2802,2806,1
2802,2809,1
2802,2812,1
2803,2812,1
2804,2811,1
2804,2816,1
2804,2819,1
2804,2837,-1
2805,2807,1
2805,2812,1
2806,2812,1
2806,2818,1
2807,2809,1
2807,2816,1
2808,2817,1
2810,2813,1
2811,2815,1
2811,2818,1
2812,2815,1
2813,2818,1
2814,2818,1
2815,2816,1
2820,2830,1
2820,2832,1
2820,2848,1
2821,2827,1
2821,2832,1
2821,2838,1
2821,2839,1
2821,2841,1
2821,2843,1
2822,2827,1
2822,2848,1
2823,2824,1
2823,2826,1
2823,2831,1
2823,2845,1
2823,2847,1
2823,2849,1
2824,2825,1
2824,2826,1
2824,2836,1
2824,2842,1
2824,2847,1
2825,2826,1
2825,2832,1
2825,2839,1
2825,2841,1
2825,2844,1
2826,2829,1
2826,2832,1
2827,2828,-1
2827,2835,1
2827,2836,1
2827,2839,1
2827,2848,1
2827,2923,-1
2828,2831,1
2828,2837,1
2828,2839,1
2828,2843,1
2828,2847,1
2829,2835,1
2829,2842,1
2830,2834,1
2830,2844,1
2830,2845,1
2830,2866,-1
2831,2841,1
2831,2844,1
2832,2835,1
2832,2847,1
2833,2834,1
2833,2835,1
2834,2836,1
2834,2849,1
2835,2844,1
2836,2841,1
2836,2848,1
2836,2849,1
2837,2845,1
2837,2848,1
2838,2839,1
2838,2841,1
2838,2846,1
2839,2841,1
2839,2842,1
2839,2845,1
2839,2849,1
2840,2841,1
2840,2846,1
2841,2844,1
2841,2848,1
2842,2844,1
2842,2849,1
2843,2846,1
2843,2848,1
2845,2846,1
2850,2852,1
2850,2854,1
2850,2855,1
2850,2865,1
2850,2877,1
2851,2853,1
2851,2861,1
2851,2865,1
2851,2868,1
2851,2876,1
2852,2858,1
2852,2859,1
2852,2861,1
2852,2869,1
2852,2871,1
2852,2873,1
2852,2874,1
2853,2873,1
2854,2866,1
2854,2867,1
2854,2879,1
2855,2861,1
2855,2862,1
2855,2866,1
2855,2871,1
2855,2873,1
2855,2874,1
2855,2875,1
2855,2878,1
2856,2861,1
2856,2874,1
2857,2864,1
2857,2875,1
2858,2871,1
2858,2873,1
2859,2864,1
2859,2871,1
2859,2904,-1
2860,2873,1
2860,2878,1
2861,2869,1
2862,2865,1
2862,2870,1
2863,2873,1
2863,2874,1
2863,2879,1
2863,2951,-1
2864,2874,1
2865,2867,1
2865,2874,1
2865,2877,1
2865,2879,1
2866,2867,1
2866,2876,1
2867,2869,1
2867,2875,1
2868,2869,1
2868,2872,1
2868,2877,1
2872,2879,1
2878,2879,1
2880,2886,1
2880,2889,1
2880,2892,1
2880,2893,1
2880,2900,1
2880,2906,1
2881,2885,1
2881,2889,1
2881,2890,1
2881,2898,1
2881,2899,1
2881,2904,1
2881,2909,1
2882,2890,1
2882,2891,1
2882,2895,1
2882,2896,1
2882,2904,1
2883,2884,1
2883,2888,1
2883,2898,1
2883,2901,1
2883,2902,1
2883,2909,1
2884,2890,1
2884,2891,1
2884,2892,1
2884,2893,1
2884,2905,1
2884,2907,1
2884,2909,1
2884,2935,-1
2885,2893,1
2885,2896,1
2885,2908,1
2886,2889,1
2886,2895,1
2886,2898,1
2887,2888,1
2887,2898,1
2887,2906,1
2887,2909,1
2889,2896,1
2889,2898,1
2889,2905,1
2889,2907,1
2890,2900,1
2891,2900,1
2891,2905,1
2892,2906,1
2893,2897,1
2894,2896,1
2894,2897,1
2894,2907,1
2896,2903,1
2896,2904,1
2897,2903,1
2898,2900,1
2898,2902,1
2899,2900,1
2899,2901,1
2900,2901,1
2900,2905,1
2901,2902,1
2901,2908,1
2902,2909,1
2903,2905,1
2904,2907,1
2905,2909,1
2906,2945,-1
2907,2908,1
2907,2909,1
2910,2914,1
2910,2925,1
2910,2930,1
2910,2939,1
2911,2921,1
2911,2924,1
2911,2925,1
2912,2921,1
2912,2974,-1
2913,2916,1
2913,2920,1
2913,2924,1
2913,2926,1
2913,2928,1
2913,2929,1
2913,2931,1
2913,2934,1
2913,2938,1
2914,2916,1
2914,2929,1
2914,2935,1
2914,2936,1
2914,2938,1
2915,2916,1
2915,2921,1
2915,2936,1
2916,2918,1
2916,2928,1
2917,2935,1
2917,2937,1
2918,2932,1
2918,2939,1
2919,2921,1
2919,2922,1
2919,2934,1
2919,2964,-1
2920,2931,1
2920,2934,1
2921,2937,1
2922,2924,1
2922,2925,1
2922,2931,1
2922,2932,1
2922,2934,1
2922,2936,1
2922,2938,1
2923,2926,1
2923,2930,1
2923,2938,-1
2924,2928,1
2925,2929,1
2925,2930,1
2925,2932,1
2925,2939,1
2925,2964,-1
2926,2930,1
2926,2939,1
2927,2934,1
2929,2931,1
2929,2936,1
2929,2941,-1
2930,2933,1
2930,2936,1
2931,2934,1
2935,2936,1
2937,2939,1
2940,2943,1
2940,2952,1
2940,2957,-1
2941,2943,1
2941,2944,1
2941,2966,1
2942,2950,1
2942,2962,1
2942,2964,1
2942,2966,1
2943,2945,1
2943,2956,1
2944,2954,1
2944,2957,1
2945,2952,1
2945,2955,1
2945,2959,1
2946,2950,1
2946,2951,1
2946,2954,1
2946,2958,1
2946,2962,1
2946,2964,1
2947,2950,1
2947,2956,1
2947,2960,1
2947,2961,1
2948,2953,1
2948,2958,1
2949,2953,1
2949,2961,1
2949,2962,1
2949,2967,-1
2949,2968,1
2950,2954,1
2950,2956,1
2950,2957,1
2950,2967,1
2951,2952,1
2951,2953,1
2951,2961,1
2951,2962,1
2951,2964,1
2952,2955,1
2952,2966,1
2953,2955,1
2953,2962,1
2953,2966,1
2954,2962,1
2954,2964,1
2955,2961,1
2955,2968,1
2957,2959,1
2957,2961,1
2957,2967,1
2957,2968,1
2958,2961,1
2958,2965,1
2958,2966,1
2961,2969,1
2962,2966,1
2963,2964,1
2963,2966,1
2964,2965,1
2970,2981,1
2970,2982,1
2970,2985,1
2970,2986,1
2970,2989,1
2971,2973,1
2971,2974,1
2971,2992,1
2971,2994,1
2972,2989,1
2973,2983,1
2973,2987,1
2974,2980,1
2974,2981,1
2974,2990,-1
2975,2982,1
2975,2988,1
2976,2990,1
2977,2985,1
2977,2988,1
2977,2993,1
2978,2986,1
2978,2994,1
2978,2995,1
2979,2984,-1
2979,2987,1
2979,2990,1
2979,2993,1
2980,2991,1
2981,2996,1
2982,2987,1
2982,2991,1
2983,2984,1
2983,2989,1
2983,2992,1
2983,2994,1
2984,2999,1
2985,2986,1
2985,2997,1
2986,2992,1
2988,2989,1
2988,2991,1
2988,2997,1
2988,2999,1
2989,2993,-1
2989,2994,1
2989,2999,1
2990,2996,1
2990,2998,1
2991,2994,1
2991,2997,1
2992,2997,1
2992,2998,1
2993,2997,1
2994,2996,1
2996,2999,1
2997,2998,1
