0,8,1
0,22,1
1,10,1
1,15,1
1,1368,-1
1,1732,-1
2,3,1
2,20,1
2,312,-1
2,563,-1
2,743,-1
2,1581,-1
2,2264,-1
3,11,1
3,278,-1
3,573,-1
4,7,1
4,333,-1
4,1708,-1
4,2149,-1
5,14,1
5,23,1
5,25,1
5,1970,-1
6,9,1
6,18,1
6,1883,-1
7,304,-1
7,443,-1
7,826,-1
9,593,-1
9,1752,-1
9,2876,-1
10,12,1
10,1123,-1
11,1869,-1
12,1207,-1
12,2641,-1
13,14,1
13,86,-1
13,1161,-1
13,2115,-1
15,1760,-1
15,2458,-1
16,17,1
16,2961,-1
17,1988,-1
18,27,1
18,28,1
18,2687,-1
19,25,1
19,29,1
19,2960,-1
20,25,1
20,529,-1
20,2307,-1
20,2971,-1
21,23,1
21,1260,-1
22,1354,-1
22,1494,-1
23,386,-1
24,27,1
24,713,-1
25,26,1
26,1536,-1
27,29,1
28,442,-1
28,2421,-1
29,246,-1
30,48,1
30,57,1
30,2254,-1
31,45,1
31,160,-1
31,1508,-1
32,50,1
32,54,1
32,853,-1
32,2197,-1
33,46,1
33,53,1
34,38,1
35,42,1
35,55,1
35,100,-1
35,375,-1
35,1986,-1
35,2761,1
36,47,1
37,57,1
37,412,-1
38,39,1
39,41,1
39,45,1
39,418,-1
39,2261,-1
40,56,1
40,1416,-1
40,2964,-1
42,55,1
42,937,-1
42,2173,-1
43,57,1
43,930,-1
43,1637,-1
43,2087,-1
43,2690,-1
44,58,1
44,1927,-1
44,2688,-1
45,49,1
45,1266,-1
46,51,1
46,1597,-1
47,2682,-1
48,911,-1
50,58,1
50,2081,-1
50,2523,-1
50,2680,-1
51,59,1
52,53,1
54,1242,-1
54,2603,-1
55,57,-1
55,996,-1
55,2760,-1
57,2575,-1
58,423,-1
58,1238,-1
58,2306,-1
59,1265,-1
59,1647,-1
60,64,1
60,233,-1
61,84,1
61,1043,-1
62,73,1
62,75,1
62,76,1
62,2748,-1
63,69,1
63,70,1
63,77,1
63,509,-1
63,1579,-1
63,2611,-1
63,2852,-1
64,74,1
64,87,1
64,877,-1
64,2124,-1
64,2707,-1
65,85,1
65,2301,-1
66,68,1
66,827,-1
66,2146,-1
67,85,1
67,86,1
67,700,-1
67,1823,-1
67,1970,-1
68,75,1
68,79,1
68,1319,-1
68,2651,-1
69,792,-1
69,1218,-1
69,2678,-1
70,84,1
71,74,1
71,84,1
71,679,-1
72,88,1
72,748,-1
72,1568,-1
72,2191,-1
72,2512,-1
74,88,1
74,1372,-1
74,1512,-1
75,80,1
75,83,1
75,89,1
76,80,1
77,1674,-1
78,81,1
79,740,-1
80,184,-1
81,167,-1
82,88,1
83,86,1
83,2809,-1
84,102,-1
85,1734,-1
85,2925,-1
86,2129,-1
87,89,1
87,2045,-1
87,2238,-1
88,177,-1
88,663,-1
89,520,-1
89,1357,-1
89,1614,-1
89,2119,-1
90,108,1
90,112,1
90,117,1
91,92,1
91,595,-1
91,1567,-1
91,1576,-1
91,1867,-1
92,101,1
92,945,-1
92,2791,-1
93,105,1
93,1342,-1
93,2972,-1
94,119,1
94,2306,-1
95,108,1
95,114,1
95,115,1
96,101,1
96,103,1
96,109,1
96,118,1
96,2766,-1
97,110,1
97,116,1
97,2255,-1
98,103,1
98,113,1
98,1274,-1
99,101,1
99,104,1
99,417,-1
100,117,1
100,2653,-1
100,2663,-1
101,104,1
101,117,1
101,1613,-1
101,2874,-1
102,106,1
102,1721,-1
103,353,-1
103,2883,-1
104,106,1
105,110,1
105,2350,-1
106,107,1
106,137,-1
107,108,1
107,961,-1
107,964,-1
108,1473,-1
108,1585,-1
108,2958,-1
109,867,-1
109,2243,-1
109,2828,-1
110,1952,-1
111,112,1
111,148,-1
111,1601,-1
111,2712,-1
112,119,1
112,874,-1
114,2990,-1
115,330,-1
115,352,-1
115,517,-1
115,2688,-1
116,404,-1
116,1913,-1
116,1989,-1
117,469,-1
117,657,-1
117,1793,-1
118,638,-1
119,750,-1
119,1439,-1
120,142,1
120,145,1
121,134,1
122,143,1
122,1213,-1
122,2032,-1
122,2285,-1
122,2742,-1
123,132,1
123,1236,-1
124,126,1
124,1513,-1
124,2558,-1
124,2646,-1
124,2890,-1
125,139,1
125,2140,-1
125,2422,-1
125,2752,-1
126,137,-1
126,145,1
126,146,1
126,1522,-1
127,141,1
127,506,-1
127,1891,-1
128,129,1
128,1182,-1
128,1280,-1
128,1355,1
128,2492,-1
129,134,1
129,143,1
129,149,1
129,215,-1
129,353,-1
129,2011,-1
129,2238,-1
129,2264,-1
130,132,1
130,147,1
130,437,-1
130,2313,-1
131,141,1
131,1137,-1
131,1665,-1
132,138,1
132,263,-1
133,135,1
133,2165,-1
134,1766,-1
136,143,1
136,1146,-1
138,1123,-1
139,140,1
139,143,1
139,830,-1
139,1474,-1
140,144,1
140,1099,-1
140,1248,-1
141,144,1
141,391,-1
141,2072,-1
141,2524,-1
142,144,1
142,493,-1
142,2178,-1
143,146,1
143,1282,-1
144,1637,1
144,1918,-1
144,2973,-1
146,2568,-1
147,148,1
147,1733,-1
150,157,1
150,164,1
150,176,-1
150,2334,-1
151,158,-1
151,1672,-1
152,159,1
153,154,1
153,158,1
153,165,1
153,170,1
153,173,1
153,2216,1
154,157,1
154,1040,-1
154,1627,-1
155,160,1
155,176,1
155,444,1
155,964,-1
156,168,1
156,2040,-1
157,163,1
157,970,-1
158,177,1
158,1213,-1
159,162,1
159,165,1
159,1530,-1
159,2191,-1
160,165,-1
160,171,1
160,174,1
160,1176,-1
161,167,1
161,172,1
161,1020,-1
162,429,-1
163,174,1
163,178,-1
163,201,-1
163,2550,-1
164,167,1
164,691,-1
164,1066,-1
164,2378,-1
166,178,1
166,1929,-1
166,2645,-1
169,177,1
170,2199,-1
171,808,-1
172,176,1
172,1579,-1
173,1941,-1
174,177,1
174,715,-1
175,176,1
175,177,1
176,1029,-1
177,1979,-1
178,179,1
179,319,-1
180,184,1
180,185,1
180,207,1
181,186,1
181,187,1
181,192,1
181,1359,-1
182,207,1
182,404,-1
182,568,-1
182,1824,-1
182,2552,-1
183,196,1
185,193,1
185,208,1
185,1417,-1
185,2509,-1
185,2994,-1
187,197,1
187,198,1
187,204,1
187,206,1
187,1961,-1
188,194,1
188,207,1
188,826,-1
189,199,1
189,410,-1
190,191,1
190,200,1
190,472,-1
190,1585,-1
192,196,1
193,204,1
193,206,1
193,631,-1
193,1966,-1
193,2594,-1
194,201,1
194,1162,-1
195,198,1
195,199,1
195,206,1
195,1842,-1
196,2010,-1
196,2903,-1
197,209,1
197,1300,-1
197,1377,-1
198,1132,-1
198,1232,-1
198,1236,-1
199,933,-1
199,1373,-1
199,1758,-1
200,204,1
200,680,-1
201,1984,-1
202,204,1
202,437,-1
202,2787,-1
203,205,1
203,477,-1
203,1033,-1
203,1608,-1
204,1794,-1
205,206,1
205,1990,-1
205,2394,-1
206,2999,-1
207,657,-1
207,2113,-1
207,2608,-1
207,2921,1
208,447,-1
208,842,-1
208,2899,-1
209,1582,-1
210,219,1
210,225,1
210,2863,-1
211,225,1
211,2335,-1
211,2382,-1
212,229,1
213,221,1
213,262,-1
213,514,-1
213,1186,-1
214,215,1
214,224,1
214,230,1
214,233,1
214,238,1
216,217,1
216,228,1
216,230,1
216,356,-1
216,958,-1
216,2352,-1
216,2648,-1
217,2521,-1
217,2733,-1
218,236,1
218,2681,-1
219,227,1
219,232,1
219,1205,-1
220,239,1
221,222,1
221,1036,-1
221,2102,-1
221,2750,-1
222,231,1
223,228,1
223,1245,-1
223,1544,-1
223,2515,-1
224,234,1
224,239,1
224,1469,-1
224,2618,-1
225,229,1
225,1272,-1
225,1291,-1
225,2958,-1
226,237,1
226,1190,1
226,1196,-1
228,231,1
228,931,-1
228,2923,-1
228,2938,-1
229,1034,-1
229,1543,-1
230,234,-1
230,488,-1
232,1254,-1
233,1061,-1
234,235,1
234,2295,-1
235,238,1
235,2538,-1
235,2719,-1
236,239,1
236,2613,-1
237,874,-1
237,1922,-1
237,2474,-1
239,2513,-1
240,252,1
240,255,1
240,1930,-1
241,260,1
241,264,1
241,2160,1
242,256,1
242,259,1
243,248,1
243,263,1
243,267,1
244,245,1
244,253,1
244,254,1
244,262,1
244,265,1
244,271,-1
244,831,-1
244,1481,-1
244,2596,-1
245,257,1
245,269,1
245,1174,-1
246,250,1
246,997,-1
246,1865,-1
246,2142,-1
246,2253,-1
247,248,1
248,268,1
248,2791,-1
249,257,1
249,258,-1
249,267,1
249,301,-1
249,360,-1
249,2840,-1
250,1208,-1
250,1463,-1
251,257,1
252,2549,-1
253,259,1
253,1187,-1
254,265,1
254,688,-1
254,1151,-1
255,266,1
255,267,1
256,265,1
256,315,-1
256,2802,-1
256,2859,-1
257,2780,-1
258,989,-1
259,260,1
259,263,1
259,1444,-1
259,2924,-1
260,261,1
260,2955,-1
261,269,1
263,2713,-1
264,453,-1
264,1788,-1
265,935,-1
265,2863,-1
266,469,-1
266,703,-1
266,1981,-1
267,1572,-1
267,2052,-1
267,2309,-1
268,2826,-1
269,1672,-1
269,1960,-1
270,274,1
270,279,1
270,288,1
271,272,1
271,280,1
271,2463,-1
272,1452,-1
273,287,1
273,1850,-1
273,2989,-1
275,276,1
275,288,-1
275,289,1
275,2239,-1
275,2943,-1
276,280,1
276,282,1
276,295,1
276,1660,-1
277,295,1
277,297,1
277,1032,-1
278,287,1
279,294,1
280,290,1
280,298,1
280,1578,-1
281,291,1
281,1645,-1
281,2777,-1
282,292,1
282,296,1
282,1089,-1
283,293,1
283,299,1
283,1283,-1
283,2051,-1
284,288,1
284,814,-1
284,2085,-1
285,299,1
285,1173,-1
286,295,1
286,410,-1
287,772,-1
287,1147,-1
288,297,1
288,1038,-1
288,1913,-1
289,2183,-1
293,941,-1
293,1456,-1
293,2378,-1
293,2971,-1
294,1785,-1
294,2885,-1
295,407,-1
296,1567,-1
296,1609,-1
296,1909,-1
297,1094,-1
297,1108,-1
297,1443,-1
297,2158,-1
297,2615,-1
297,2889,-1
299,1166,-1
299,1271,-1
299,1984,-1
299,2562,-1
300,305,1
300,309,1
300,322,1
300,329,1
300,554,-1
300,1226,-1
301,323,1
301,774,-1
301,1363,-1
302,324,1
303,314,1
303,603,-1
304,318,1
304,1043,-1
305,307,1
305,321,1
305,903,-1
305,1419,-1
305,1466,-1
305,1876,-1
306,321,1
307,536,-1
307,1247,-1
307,2890,-1
308,318,1
308,353,-1
309,312,1
310,325,1
310,327,1
311,328,1
312,314,1
312,326,1
312,902,-1
312,1415,-1
312,1557,-1
312,2924,-1
313,314,1
313,316,1
313,318,1
313,319,1
313,327,1
313,329,1
314,323,1
314,539,-1
314,1337,-1
314,1376,-1
315,318,1
316,1807,-1
317,322,1
317,676,-1
318,320,1
319,324,1
320,329,1
320,1004,-1
321,327,-1
321,2266,-1
321,2475,-1
321,2881,-1
322,375,-1
324,1307,-1
325,758,-1
325,2160,-1
325,2942,-1
327,1504,-1
327,2482,-1
328,2438,-1
329,1920,-1
330,333,1
330,341,1
331,347,1
332,349,1
332,350,1
332,354,1
332,620,-1
332,1200,-1
332,1443,-1
332,2083,-1
332,2258,-1
332,2565,-1
333,2860,-1
334,353,1
335,342,1
336,345,1
336,1512,-1
336,2315,-1
337,352,1
337,356,1
337,409,-1
337,914,-1
337,2509,-1
338,358,1
338,1732,-1
338,2712,-1
339,352,1
339,848,-1
339,1666,-1
340,350,1
342,357,1
342,2250,-1
343,353,1
344,359,1
344,1559,-1
344,1885,-1
345,556,-1
346,347,1
346,1184,-1
347,354,1
347,1449,-1
347,1585,-1
348,349,1
348,351,1
348,2552,-1
349,354,1
350,359,1
350,702,-1
350,2179,-1
351,1373,-1
352,575,-1
352,1385,-1
352,2216,-1
353,565,-1
353,1286,-1
353,1994,-1
355,359,1
355,2847,-1
355,2874,-1
356,1312,-1
357,721,-1
357,750,-1
357,2437,-1
358,1033,-1
358,2328,-1
358,2622,-1
359,1855,-1
359,2591,-1
360,366,1
360,382,1
360,427,-1
360,955,-1
361,373,1
361,2144,-1
361,2721,-1
362,368,1
362,370,1
362,379,1
362,382,1
362,383,1
362,386,1
362,2323,-1
362,2671,-1
363,369,1
363,385,1
364,372,1
364,1756,-1
364,2721,-1
365,373,1
366,2244,-1
367,368,1
367,369,1
367,373,-1
367,2087,-1
368,374,1
368,375,1
368,384,1
368,387,1
368,388,1
369,2117,-1
369,2368,-1
370,1334,-1
370,2679,1
371,383,1
372,2330,-1
372,2881,-1
373,378,1
373,876,-1
373,1089,-1
373,1736,-1
373,2512,-1
373,2538,-1
374,488,-1
374,1667,-1
374,2264,-1
375,867,-1
376,380,1
376,1907,-1
376,2291,-1
376,2421,-1
377,382,1
377,621,-1
378,381,1
378,382,1
378,1309,-1
380,1341,-1
381,383,1
381,1207,-1
382,772,-1
382,1056,-1
382,1978,-1
382,2605,-1
382,2652,-1
383,384,1
384,386,1
384,1694,-1
385,1929,-1
386,629,-1
386,2944,-1
387,1615,-1
388,389,1
388,1797,-1
388,2163,-1
390,407,1
391,396,1
391,418,1
391,1329,-1
391,2102,-1
392,403,1
392,1461,-1
392,2496,-1
393,396,1
393,403,1
393,419,1
393,2998,-1
394,399,1
394,406,1
394,414,1
394,504,-1
394,1174,-1
395,400,1
395,405,1
395,408,1
396,402,1
396,406,1
396,2693,-1
397,405,1
398,414,1
398,429,-1
398,2526,-1
398,2679,-1
399,402,1
399,411,1
399,851,-1
399,1417,-1
399,2081,-1
399,2677,-1
400,407,1
400,414,1
400,1707,-1
401,408,1
401,416,1
401,840,-1
401,2730,-1
402,408,1
402,1671,-1
403,406,1
403,407,1
403,413,1
403,1003,-1
403,1670,-1
404,407,1
404,900,-1
405,1669,-1
406,2181,-1
406,2372,-1
407,415,1
407,712,-1
408,998,-1
408,2516,-1
409,410,1
409,411,1
409,2516,-1
410,1762,-1
411,1289,-1
412,419,1
412,1420,-1
414,921,-1
415,2403,-1
417,418,1
417,1004,-1
420,427,1
420,431,1
420,432,1
420,1247,-1
420,1841,-1
421,431,1
421,443,1
421,829,-1
422,448,1
422,2716,-1
423,430,1
424,432,1
424,689,-1
424,1975,-1
424,2926,-1
425,428,1
425,1142,-1
425,2058,-1
425,2394,-1
426,437,1
426,449,1
426,2478,-1
427,2950,-1
428,2737,-1
429,430,1
429,438,1
429,440,1
429,569,-1
429,1205,-1
430,1611,-1
431,436,1
432,445,1
433,435,1
433,442,1
433,446,1
433,2574,-1
434,436,1
435,1569,-1
436,1418,-1
437,447,1
437,801,-1
438,542,-1
438,589,-1
438,621,-1
438,1868,-1
439,444,1
439,2111,-1
439,2841,-1
440,1723,-1
441,447,1
441,1182,-1
441,1499,-1
441,1714,-1
441,2732,-1
442,2227,-1
443,2623,1
446,448,1
446,722,-1
446,1166,-1
447,448,-1
447,1527,-1
448,2839,-1
449,1963,-1
450,453,1
450,457,1
450,458,1
450,462,1
450,465,1
450,471,1
450,474,1
450,475,1
450,476,1
450,1617,-1
451,464,1
451,2131,-1
452,457,1
452,470,1
452,477,1
452,478,1
452,1238,-1
452,2945,-1
453,457,1
453,458,1
453,460,1
453,466,1
453,471,1
453,477,1
453,1850,-1
454,455,1
454,468,1
454,469,1
454,471,1
454,479,1
454,2576,-1
455,456,1
455,458,1
455,462,1
455,464,1
455,466,1
455,468,1
455,470,1
455,475,1
455,479,1
456,462,1
456,469,1
456,470,1
456,479,1
457,460,1
457,466,1
457,471,1
457,478,1
457,757,-1
457,1735,-1
457,2511,-1
458,459,-1
458,463,1
458,464,1
458,1999,-1
459,461,1
459,465,1
459,466,1
459,477,1
459,2419,-1
460,467,1
460,475,1
460,477,1
460,478,1
460,795,-1
460,1958,-1
461,462,1
461,466,1
461,470,1
461,473,1
461,478,1
461,1156,-1
461,1232,-1
462,463,1
462,470,1
462,471,1
462,477,1
462,479,1
462,779,-1
462,2286,-1
462,2538,-1
462,2785,-1
463,478,1
463,526,-1
464,475,1
464,476,1
464,2047,-1
464,2151,-1
464,2930,-1
465,466,1
465,469,1
465,470,1
465,472,1
465,473,1
465,1475,-1
466,477,1
466,478,1
467,474,1
467,475,1
467,1571,-1
468,469,1
468,474,1
468,476,1
468,481,-1
468,676,-1
468,907,-1
468,2048,-1
469,1029,-1
470,475,1
470,478,1
470,2000,-1
470,2766,-1
470,2804,-1
471,476,1
471,631,-1
471,1318,-1
472,473,1
472,477,1
472,1177,-1
473,494,-1
474,1063,-1
474,1402,-1
475,476,1
475,479,1
476,2560,-1
477,705,1
477,1359,-1
477,2897,-1
477,2943,-1
478,750,-1
479,838,-1
480,485,1
480,488,1
480,489,1
480,497,-1
480,504,1
480,973,-1
480,1029,-1
480,1225,-1
480,2027,-1
480,2520,-1
481,482,1
481,490,1
481,499,1
481,508,1
481,1390,-1
481,2938,-1
482,486,1
482,492,-1
482,508,1
482,2035,-1
483,484,1
483,491,1
483,493,1
483,497,1
483,500,1
483,506,1
483,509,1
483,1331,-1
483,1641,-1
484,495,1
484,496,1
484,505,1
484,577,-1
485,487,1
485,488,1
485,489,1
485,492,1
485,497,1
485,499,1
485,501,1
485,506,1
486,493,1
486,496,1
486,499,1
486,501,1
486,502,1
486,505,1
486,550,-1
486,1021,-1
486,2452,-1
487,500,1
487,509,1
487,513,-1
487,1724,-1
487,2533,-1
487,2691,-1
488,489,1
488,492,1
488,494,1
488,496,1
488,500,1
488,504,-1
488,505,1
488,1552,-1
489,493,1
489,505,1
489,1130,-1
490,492,1
490,498,1
490,697,-1
491,492,1
491,506,1
491,1613,-1
492,496,1
492,497,1
492,501,1
492,506,1
492,508,1
493,501,1
493,504,1
493,506,1
493,1717,-1
494,499,1
494,503,1
494,508,1
494,704,-1
494,2119,-1
494,2975,-1
495,498,1
495,501,1
495,504,1
495,505,1
495,506,1
495,507,1
495,509,1
495,1437,-1
495,1843,-1
496,497,1
496,506,1
496,508,1
497,500,1
497,503,1
497,1315,-1
497,2892,-1
498,499,1
498,504,1
498,743,-1
498,1031,-1
498,1184,-1
498,1417,-1
499,1038,-1
500,501,1
500,506,1
500,755,-1
500,1292,-1
500,1396,-1
501,507,1
501,508,1
501,509,1
501,2740,-1
502,506,1
503,2093,-1
504,1064,-1
504,1119,-1
504,1929,-1
504,2689,-1
505,508,1
505,628,-1
505,1689,-1
505,2691,-1
505,2955,-1
506,1626,-1
507,509,1
507,1263,-1
507,2151,-1
507,2323,-1
507,2370,-1
509,1048,-1
510,519,1
510,522,1
510,524,1
510,532,1
510,533,1
510,537,1
511,514,1
511,525,1
511,527,1
511,535,1
511,536,1
511,1599,-1
512,513,1
512,523,1
512,524,-1
512,1119,-1
512,2946,-1
513,515,1
513,517,1
513,520,1
513,527,1
513,528,1
513,1530,1
514,515,1
514,520,1
514,523,1
514,524,1
514,527,1
514,535,1
514,537,1
514,1350,-1
514,1991,-1
515,516,1
515,523,1
515,525,1
515,529,1
515,531,1
515,533,1
515,535,1
515,1719,-1
515,2683,-1
516,519,1
516,522,1
516,524,1
516,525,1
516,528,1
516,535,1
516,1605,-1
517,526,1
517,531,1
517,533,-1
517,536,1
517,539,1
517,2150,1
517,2845,-1
518,520,1
518,523,1
518,531,1
518,533,1
518,535,1
518,537,1
518,1876,-1
519,525,1
519,526,1
519,528,1
519,530,1
519,535,-1
519,536,1
519,537,1
519,538,1
519,1384,-1
520,525,1
520,527,1
520,531,1
520,965,-1
520,2533,-1
521,530,1
521,534,1
522,527,1
522,532,1
522,533,1
522,539,1
523,524,1
523,531,1
523,536,1
524,525,1
524,526,1
524,530,1
524,1275,-1
524,1975,-1
524,2456,-1
525,527,1
526,534,1
526,536,1
526,794,-1
526,2336,-1
526,2352,-1
527,528,1
527,535,1
527,538,-1
528,531,1
528,532,1
528,535,1
528,757,-1
529,2363,-1
530,533,1
530,536,-1
530,538,1
530,831,-1
530,1134,-1
530,1561,-1
530,2626,-1
531,538,1
531,1452,-1
531,1803,-1
532,535,1
532,536,1
532,2534,-1
534,538,1
534,1199,-1
534,2867,-1
535,537,1
535,2163,-1
535,2618,-1
535,2903,-1
536,1106,-1
536,1137,-1
538,825,-1
538,2915,-1
539,1031,-1
539,1758,-1
539,2284,-1
540,542,1
540,543,1
540,545,1
540,549,1
540,551,1
540,556,1
540,558,1
540,560,1
540,561,1
540,2175,-1
541,542,1
541,546,1
541,550,1
541,551,1
541,552,1
541,554,1
541,555,1
541,558,1
541,1550,-1
541,2750,-1
542,545,1
542,561,1
542,564,1
542,568,1
542,1541,-1
542,2488,-1
543,547,1
543,552,1
543,553,1
543,555,1
543,565,1
543,619,-1
543,2402,-1
544,549,1
544,550,1
544,551,1
544,553,1
544,554,1
544,555,1
544,559,1
544,563,1
544,1237,-1
544,1514,-1
544,2034,-1
545,547,1
545,553,1
545,556,1
545,565,1
545,568,1
545,569,1
546,548,1
546,550,1
546,552,1
546,553,1
546,560,1
546,1824,-1
547,556,1
547,562,1
547,565,1
547,568,1
547,1457,-1
548,549,1
548,552,1
548,553,1
548,554,1
548,557,1
548,565,1
548,569,1
549,561,1
549,563,1
549,564,1
549,569,1
549,708,1
549,1816,-1
549,2043,-1
549,2657,-1
550,564,1
550,2399,-1
550,2748,-1
551,559,1
551,564,1
551,568,1
552,567,1
552,568,1
552,1680,-1
553,557,1
553,558,1
553,559,1
553,565,1
553,1490,-1
554,556,1
554,563,1
554,564,1
554,567,1
554,568,1
555,559,1
555,561,1
555,563,1
555,568,1
555,1594,-1
556,561,1
556,1067,-1
556,1808,-1
557,562,1
557,565,1
557,568,1
557,1203,-1
557,1944,-1
557,2915,-1
558,564,1
558,569,1
558,2955,-1
559,566,1
559,569,1
559,897,-1
561,564,1
561,568,1
561,1470,-1
562,564,1
562,565,1
562,2256,-1
562,2900,-1
563,569,1
563,1743,-1
564,565,1
564,569,1
564,1111,-1
565,2530,-1
566,568,1
566,1555,-1
566,1679,-1
566,2071,-1
566,2549,-1
567,568,1
568,2283,-1
569,1083,-1
569,1212,-1
569,2040,-1
569,2332,-1
570,571,1
570,574,1
570,579,1
570,580,-1
570,583,1
570,585,1
570,593,1
570,2576,-1
571,575,1
571,576,1
571,578,1
571,580,1
571,585,1
571,588,1
571,592,1
571,595,1
571,596,1
571,599,1
572,579,1
572,587,1
572,590,1
572,593,1
572,597,1
572,1524,-1
573,576,1
573,581,1
573,583,1
573,585,1
573,589,1
573,593,1
573,597,1
573,598,1
573,2943,-1
574,581,1
574,583,1
574,584,1
574,586,1
574,589,1
574,592,1
575,581,1
575,585,1
575,588,1
575,590,1
575,599,1
575,2393,-1
576,578,1
576,583,1
576,585,1
576,597,1
576,1627,-1
577,581,1
577,583,1
577,592,1
577,593,1
577,821,-1
577,1212,-1
578,579,1
578,580,1
578,585,1
578,591,1
578,1047,-1
579,584,1
579,592,1
579,593,1
579,596,1
579,597,1
579,2787,-1
580,582,1
580,584,1
580,587,1
580,589,1
580,591,1
580,596,1
581,588,1
581,592,1
581,595,1
582,585,1
582,593,1
582,826,-1
582,2072,-1
582,2278,-1
583,592,1
583,1228,-1
583,2833,-1
584,586,1
584,591,1
584,592,1
584,595,1
584,597,1
584,2450,-1
585,587,1
585,588,1
585,590,1
585,592,1
585,598,1
585,1271,-1
585,1662,-1
586,589,1
587,594,1
587,1526,-1
587,2944,-1
588,589,1
588,593,1
588,596,1
588,1015,-1
588,2136,-1
589,590,1
589,595,1
589,599,1
589,1142,-1
590,596,1
590,597,1
590,2992,-1
591,1114,-1
591,2916,-1
592,594,1
592,595,1
592,596,1
592,1552,-1
593,595,1
593,596,1
593,1317,-1
593,1737,-1
594,597,1
595,2588,-1
596,607,-1
596,665,-1
596,1351,-1
597,1313,-1
597,2485,-1
597,2832,-1
598,880,-1
598,1540,-1
599,2054,-1
599,2255,-1
599,2628,-1
600,603,1
600,609,1
600,614,1
600,618,1
600,881,-1
600,2404,-1
601,602,1
601,603,1
601,604,1
601,610,1
601,613,1
601,615,1
601,616,1
601,617,1
601,619,1
601,625,1
601,669,-1
602,610,1
602,612,1
602,614,1
602,615,1
602,622,1
602,624,1
602,629,1
602,2895,-1
603,604,1
603,613,1
603,1192,-1
603,2899,-1
604,606,1
604,610,1
604,617,1
604,623,1
605,606,1
605,607,1
605,608,1
605,610,1
605,614,1
605,615,1
605,624,1
605,629,1
606,617,1
606,628,1
606,629,1
607,610,1
607,618,1
607,620,1
607,623,1
607,1386,-1
608,612,1
608,614,1
608,616,1
608,628,1
608,1261,-1
608,2194,-1
609,611,1
609,617,1
609,623,1
609,624,1
609,1623,-1
609,2134,-1
610,615,1
610,620,1
610,621,1
610,622,1
610,623,1
610,2356,-1
610,2865,-1
611,616,1
611,624,1
612,616,1
612,620,1
612,621,1
612,624,1
612,2952,-1
613,619,1
613,625,1
613,629,1
613,740,-1
613,2487,-1
614,618,1
614,622,1
614,629,1
615,738,-1
615,934,-1
616,629,1
616,963,-1
616,1399,-1
616,1981,-1
617,627,1
618,621,1
619,621,1
619,628,1
620,626,1
621,625,1
621,627,1
621,2797,-1
622,627,1
622,628,1
622,1854,-1
622,2357,-1
623,626,1
623,787,-1
624,625,1
625,785,-1
626,1755,1
626,2314,-1
627,1205,-1
627,1558,-1
630,631,1
630,648,1
630,650,1
630,653,1
631,634,1
631,642,1
631,643,1
631,647,1
631,648,1
631,651,1
631,658,1
631,837,-1
631,1714,-1
632,633,1
632,640,1
632,649,1
632,651,1
632,968,-1
632,1223,-1
633,645,1
633,658,1
633,659,1
633,694,-1
633,1747,-1
633,1760,-1
634,638,1
634,643,1
634,650,1
634,656,1
634,659,1
634,2644,-1
635,636,1
635,638,1
635,655,1
635,2183,-1
636,637,1
636,650,1
636,656,1
636,2244,-1
636,2399,-1
637,647,1
637,654,-1
637,655,1
637,1981,-1
638,641,1
638,655,1
639,647,1
639,651,1
639,658,1
639,2575,-1
640,641,1
640,648,1
640,657,1
640,658,1
641,648,1
641,649,1
641,655,1
641,657,-1
642,647,1
642,648,1
642,653,1
642,655,1
642,1532,-1
643,644,1
643,647,1
643,649,1
643,655,1
643,656,1
643,1874,-1
644,647,1
644,648,-1
644,649,1
644,650,1
644,658,1
645,648,1
645,649,1
645,650,1
645,651,1
645,1509,-1
645,2269,-1
646,650,1
646,659,1
647,1485,-1
648,652,1
648,654,1
648,655,1
648,657,1
649,650,1
649,651,1
649,654,1
649,657,1
649,659,1
649,1323,-1
649,1958,-1
649,2914,-1
650,654,1
650,656,1
650,657,1
651,654,1
651,657,1
651,658,1
651,2324,-1
651,2954,-1
652,659,1
652,702,-1
652,1469,-1
652,2048,-1
653,654,1
653,655,1
653,657,1
653,658,1
654,656,1
654,658,1
655,2212,-1
656,1599,-1
657,658,1
657,659,1
657,2743,-1
658,1194,-1
658,1263,-1
659,1507,-1
660,670,1
660,671,1
660,684,1
660,685,1
660,686,1
660,687,1
660,2726,-1
660,2961,-1
661,662,1
661,663,1
661,664,1
661,669,-1
661,675,1
661,678,1
661,681,1
661,684,1
661,685,1
662,663,1
662,669,1
662,675,1
662,678,1
662,679,1
662,1438,-1
662,2065,-1
663,670,1
663,672,1
663,677,1
663,679,1
663,758,-1
663,907,-1
663,2564,-1
664,668,1
664,670,1
664,675,1
664,676,1
664,999,-1
664,1827,-1
664,2837,-1
664,2986,-1
665,668,1
665,669,1
665,670,1
665,681,1
665,683,1
665,685,1
665,688,-1
666,668,1
666,671,1
666,674,1
666,677,1
666,678,1
666,911,-1
666,1040,-1
667,669,1
667,674,1
667,676,1
667,682,1
667,686,1
667,2495,-1
668,670,1
668,682,1
668,685,1
668,687,1
668,689,1
668,2554,-1
668,2640,-1
669,671,-1
669,672,1
669,673,1
669,676,1
669,686,1
669,687,1
669,2156,-1
670,673,1
670,2049,-1
670,2092,-1
671,678,1
671,680,1
672,673,1
672,675,1
672,676,1
672,687,1
672,902,-1
673,674,1
673,676,1
673,678,1
673,680,1
673,686,1
673,688,1
674,679,1
674,680,1
674,682,1
674,689,1
674,2022,-1
675,685,1
676,687,1
676,1572,-1
676,2862,-1
677,681,1
677,685,1
677,1266,-1
677,2224,-1
677,2843,-1
678,685,1
678,688,1
678,1800,-1
679,680,1
679,681,1
679,687,1
679,689,1
679,2796,-1
680,681,1
680,683,1
680,685,1
680,686,1
680,2565,-1
681,685,1
681,1053,-1
681,1057,-1
681,1093,-1
681,1518,-1
681,2357,1
681,2467,-1
681,2790,-1
685,686,1
685,687,1
685,885,-1
686,707,-1
688,2593,-1
690,691,1
690,702,1
690,708,1
690,714,1
690,1326,-1
690,2691,-1
691,692,1
691,695,1
691,699,1
691,704,1
691,706,1
691,707,1
691,710,1
691,715,1
692,702,1
692,709,1
692,712,1
692,715,1
692,2126,-1
693,708,1
693,710,1
693,711,1
693,713,1
694,701,1
694,707,1
694,708,1
694,709,1
694,713,1
694,714,1
694,2556,-1
695,698,1
695,2798,-1
696,703,1
696,710,1
696,718,1
696,2590,-1
697,699,1
697,702,1
697,714,1
697,716,1
697,1410,-1
697,1474,-1
697,2357,-1
697,2643,-1
698,707,1
698,712,1
698,715,1
698,716,1
698,717,-1
698,719,-1
698,2932,-1
698,2964,-1
699,708,1
699,711,1
700,706,1
700,709,1
700,712,1
700,719,1
700,1218,-1
701,705,1
701,708,1
701,715,1
701,719,1
702,703,1
702,709,1
702,710,1
702,716,1
702,718,1
702,795,-1
702,1074,-1
703,707,1
703,709,1
703,714,1
703,2381,-1
704,707,1
704,708,-1
704,718,1
704,2450,-1
704,2527,-1
705,709,1
705,711,1
705,714,1
705,719,1
705,872,-1
705,1599,-1
706,717,1
707,710,1
707,714,1
707,716,-1
708,709,1
708,711,1
708,716,1
708,848,-1
708,1971,-1
709,712,1
709,713,1
709,715,1
709,719,1
710,714,1
710,1284,-1
710,2140,-1
711,715,1
711,718,1
711,719,1
712,1514,-1
713,714,1
713,719,1
713,1503,-1
714,716,1
715,719,1
716,2862,-1
717,718,1
718,1101,-1
718,1937,-1
718,2453,-1
719,1576,-1
720,723,1
720,727,1
720,732,1
720,737,1
720,740,1
720,747,1
720,1954,-1
721,726,1
721,727,-1
721,730,1
721,732,1
721,734,1
721,735,1
721,738,1
721,746,1
721,747,-1
721,748,1
722,734,1
722,738,1
722,739,1
722,740,-1
722,742,1
722,746,1
722,2771,-1
723,727,1
723,728,1
723,732,1
723,734,1
723,736,1
723,738,1
723,747,1
723,748,1
723,749,1
723,2744,-1
724,736,1
724,738,1
724,743,1
724,749,1
724,1621,-1
725,735,1
725,741,1
725,745,1
725,2414,-1
726,727,1
726,730,1
726,732,1
726,734,1
726,736,1
726,737,1
726,742,1
726,743,1
726,747,1
726,2357,-1
727,728,1
727,732,1
727,733,1
727,734,1
727,736,1
727,737,1
728,730,1
728,735,1
728,738,1
728,740,1
728,746,1
728,749,1
728,2877,-1
729,734,1
729,740,1
729,744,1
729,1139,-1
729,1291,-1
729,1920,-1
730,731,1
730,743,1
730,746,1
731,737,1
731,738,1
731,748,1
732,737,1
732,742,1
732,744,1
732,2496,-1
732,2597,-1
733,735,1
733,741,1
733,745,1
733,748,1
733,2903,-1
734,735,1
734,742,1
734,746,1
734,749,1
734,2608,-1
735,737,1
735,745,1
735,747,1
735,933,-1
735,2790,-1
736,740,1
736,748,1
736,1127,-1
736,1637,-1
736,2739,-1
737,740,1
737,749,1
738,745,1
738,1703,-1
739,744,1
739,745,1
739,748,1
739,749,1
739,2159,-1
739,2304,-1
740,749,1
740,917,-1
740,1342,-1
740,1480,-1
740,2058,-1
741,846,-1
741,927,-1
741,1404,-1
743,749,1
743,1754,-1
743,1903,-1
744,749,1
744,2095,-1
746,747,1
747,1442,-1
748,1078,-1
749,756,-1
749,1585,-1
749,2928,-1
750,759,1
750,764,1
750,996,-1
751,759,1
751,769,1
751,776,1
751,779,1
751,1799,-1
752,762,1
752,765,1
752,768,1
752,770,1
752,775,1
753,754,1
753,759,1
753,763,1
753,771,1
753,777,1
753,778,1
753,1155,-1
753,2747,-1
754,761,1
754,767,1
754,770,1
754,771,1
754,772,1
754,773,1
754,775,-1
754,777,1
755,759,1
755,762,1
755,779,-1
756,760,1
756,766,1
756,769,1
756,772,1
756,777,1
756,1941,-1
756,2079,1
756,2085,-1
757,761,1
757,763,1
757,772,1
757,773,1
757,930,-1
758,760,1
758,770,1
758,774,1
758,775,1
758,2294,-1
758,2299,-1
759,762,1
759,768,1
759,771,1
759,772,1
759,773,1
759,776,1
759,778,1
759,779,1
760,761,1
760,764,1
760,774,1
760,1168,-1
760,1301,-1
761,764,1
761,765,1
761,768,1
761,769,1
761,774,1
761,2014,-1
762,763,1
762,768,1
762,769,1
762,771,1
762,776,1
762,779,1
762,2799,-1
763,765,1
764,770,1
764,774,1
764,777,1
764,1073,-1
765,766,1
765,767,1
765,770,1
765,1683,-1
765,1709,-1
766,768,1
766,775,1
767,776,1
767,1332,-1
767,1883,-1
767,2076,1
768,775,1
768,1557,-1
768,2229,-1
769,774,1
769,779,1
769,900,-1
770,771,1
770,772,1
770,775,1
770,776,1
770,777,1
770,951,-1
771,772,1
771,777,1
772,774,1
774,2530,-1
775,883,-1
775,1283,-1
776,926,-1
776,1587,-1
776,2738,-1
777,1334,1
778,779,1
778,1319,-1
779,1984,-1
780,783,1
780,785,1
780,788,1
781,789,1
781,794,1
781,795,1
781,798,1
781,801,1
781,921,-1
781,1351,-1
781,2346,-1
781,2376,-1
782,784,1
782,805,1
782,808,1
783,784,1
783,785,1
783,795,1
783,796,-1
783,803,1
783,808,1
783,809,1
783,1767,-1
784,787,1
784,788,1
784,789,1
784,791,1
784,801,1
784,803,1
784,1157,-1
784,1310,-1
785,786,1
785,788,1
785,789,1
785,792,1
785,796,1
785,804,1
785,806,1
785,1351,1
786,788,1
786,796,1
786,798,1
786,806,1
786,808,1
787,788,1
787,790,1
787,792,1
787,793,1
787,808,1
787,943,-1
787,2246,-1
787,2799,-1
788,798,1
788,799,1
788,802,1
788,803,1
788,809,1
788,1649,-1
789,791,1
789,799,1
789,802,1
789,805,1
789,808,1
789,921,-1
789,1432,-1
789,2770,-1
790,794,1
790,796,1
790,802,1
790,1785,-1
790,2994,-1
791,796,1
791,802,1
791,804,1
791,805,1
792,800,1
792,1515,-1
792,2187,-1
793,794,1
793,800,1
793,805,1
793,806,1
793,807,1
793,1227,-1
794,795,1
794,802,1
794,2656,-1
795,1673,-1
796,804,1
796,806,1
797,799,1
797,803,1
797,804,1
798,800,1
798,1399,-1
798,1709,-1
799,803,1
799,809,1
799,2128,-1
800,801,1
800,802,1
801,1072,-1
801,1274,-1
801,1783,-1
802,808,1
802,1141,-1
802,2390,-1
803,804,1
803,808,1
803,1168,-1
803,2784,-1
804,807,1
804,1234,-1
804,2803,-1
805,808,1
805,809,1
805,1768,-1
806,807,1
806,1048,-1
807,859,-1
807,1520,-1
807,2224,-1
808,1998,-1
810,818,1
810,825,1
810,2088,-1
810,2269,-1
810,2552,-1
811,812,1
811,814,1
811,824,1
811,830,1
811,834,1
811,1507,-1
811,2712,-1
812,817,1
812,823,1
812,824,1
812,825,1
812,829,1
812,831,1
812,836,1
812,1664,-1
813,817,1
813,819,1
813,829,1
813,835,1
814,827,1
814,835,1
814,837,1
814,1844,1
814,2722,-1
815,817,1
815,827,1
815,839,1
816,818,1
816,820,1
816,823,1
816,833,1
816,835,1
816,836,1
816,837,1
816,838,1
817,818,1
817,823,1
817,833,1
817,834,1
817,1727,-1
818,824,1
818,831,1
818,836,1
819,821,1
819,823,1
819,828,1
819,831,1
819,837,1
819,998,-1
819,1834,-1
820,828,1
820,834,1
820,837,1
820,957,-1
821,822,1
822,832,1
822,834,1
822,837,1
822,838,1
823,825,1
823,828,1
823,829,1
823,839,1
823,2170,-1
824,828,1
824,833,1
824,1783,-1
824,2148,-1
824,2323,-1
825,826,1
825,829,1
825,831,1
825,832,1
825,835,1
825,836,1
825,837,1
825,938,-1
826,828,1
826,830,1
826,833,1
826,1735,-1
827,831,1
827,836,1
827,837,1
827,838,1
827,1686,-1
828,836,1
828,874,-1
828,1223,-1
828,1746,-1
828,2754,-1
829,831,1
829,836,1
829,1402,-1
829,2805,-1
830,833,1
830,838,1
830,2270,-1
831,836,1
831,838,1
832,839,1
833,834,1
833,835,1
833,839,1
834,835,1
834,838,1
834,2569,-1
835,837,1
836,2154,-1
837,838,1
837,1988,-1
837,2715,-1
838,839,1
838,1609,-1
838,2463,-1
839,883,-1
839,2360,-1
840,844,1
840,845,1
840,853,1
840,863,1
840,2345,-1
841,849,1
841,852,1
841,859,1
841,860,1
841,864,1
841,868,1
841,2575,-1
842,844,1
842,848,1
842,858,1
842,859,1
842,864,1
842,866,1
842,1715,-1
842,2009,-1
842,2656,-1
843,847,1
843,848,1
843,856,1
843,861,1
843,862,1
843,863,1
843,869,-1
843,2151,-1
844,846,1
844,853,1
844,866,1
844,867,1
844,2320,-1
845,854,1
845,855,1
845,865,1
845,1727,-1
845,2648,-1
846,854,1
846,1454,-1
847,850,1
847,858,1
847,864,1
847,866,1
847,1238,-1
847,2231,-1
848,854,1
848,857,1
848,866,1
848,1141,-1
848,1960,-1
849,859,1
849,860,1
849,1429,-1
850,851,1
850,853,1
850,855,1
850,857,1
850,860,1
850,861,1
850,864,1
850,869,1
850,2680,-1
851,853,1
851,858,1
851,859,1
851,862,1
851,864,1
851,869,1
851,1713,-1
852,853,1
852,855,1
852,856,1
852,862,1
852,865,1
852,1640,-1
852,2814,-1
853,862,-1
853,868,1
853,1263,-1
854,855,1
854,856,1
854,992,-1
855,867,1
855,869,1
855,1588,-1
856,863,1
856,866,1
857,860,1
857,865,1
857,866,1
857,867,1
858,863,1
858,866,1
858,1611,-1
859,868,1
859,869,1
859,2458,-1
860,866,1
861,867,1
861,2969,-1
862,867,1
862,1656,-1
862,2256,-1
862,2912,-1
864,865,1
864,866,1
865,868,1
865,2323,-1
866,934,-1
866,1997,-1
866,2564,-1
868,1030,-1
870,872,1
870,874,1
870,876,1
870,877,1
870,883,1
870,888,1
870,889,1
870,893,1
870,896,1
870,1415,1
871,883,-1
871,885,1
871,891,1
871,892,1
871,895,1
871,899,1
872,873,1
872,881,1
872,884,1
872,886,1
872,889,1
872,893,1
872,896,1
872,899,1
872,2774,-1
873,875,1
873,879,1
873,880,1
873,882,1
873,883,1
873,884,1
873,890,1
873,895,1
873,2314,-1
874,883,1
874,884,1
874,885,1
874,887,1
875,882,1
875,884,1
875,890,1
875,891,-1
875,896,1
875,2487,-1
876,885,1
876,891,1
876,897,1
876,2738,-1
876,2864,-1
877,884,1
877,886,1
877,888,1
877,891,1
877,898,1
877,899,1
878,883,1
878,892,1
878,897,1
878,2092,-1
879,888,1
879,892,1
879,898,1
879,1131,-1
880,886,-1
880,890,1
880,2699,-1
881,882,1
881,887,1
881,893,1
881,894,1
881,895,1
881,2992,-1
882,885,1
882,891,1
882,896,1
882,1425,-1
882,2263,1
883,890,1
883,892,1
883,893,1
884,893,1
884,1967,-1
884,2472,-1
885,890,1
885,893,1
885,894,1
885,896,1
886,894,1
886,897,1
887,891,1
887,1789,-1
888,895,1
888,896,1
888,1026,-1
888,2513,-1
888,2645,-1
889,890,1
889,893,1
889,896,1
890,892,1
890,898,1
890,1199,-1
890,2518,-1
892,893,1
892,896,1
892,899,1
892,1594,-1
892,2696,-1
892,2914,-1
893,896,1
893,897,1
894,2098,-1
894,2501,-1
895,2341,-1
897,1338,-1
897,1755,-1
897,2923,-1
898,2184,-1
899,1580,-1
900,2463,-1
900,2986,-1
901,1069,-1
901,2183,-1
902,2022,-1
905,1033,-1
905,2343,-1
906,2751,-1
907,1741,-1
907,1765,-1
911,1526,-1
911,1688,-1
913,2072,-1
913,2632,-1
915,1184,-1
915,2196,-1
915,2946,-1
916,965,-1
916,1404,-1
917,2810,-1
918,1203,-1
919,1857,-1
920,1654,-1
920,2488,-1
921,1008,-1
921,1438,-1
922,1540,-1
922,2902,-1
923,1541,-1
924,1992,-1
924,2601,-1
925,1010,-1
925,2949,-1
929,1758,-1
930,2020,-1
930,2227,-1
931,1036,-1
932,988,-1
933,2077,-1
933,2102,-1
935,1942,-1
935,2717,-1
937,2035,-1
937,2041,-1
938,1407,-1
942,2302,-1
949,1770,-1
950,1737,-1
952,2788,1
953,972,-1
953,2740,-1
955,1198,-1
961,2019,-1
961,2477,-1
963,2016,-1
966,1490,-1
966,1938,-1
966,2297,-1
966,2548,-1
966,2807,-1
967,1492,-1
967,1772,-1
967,2932,-1
968,2122,-1
968,2510,-1
969,1476,-1
969,2605,-1
970,2414,-1
971,1393,-1
971,1476,-1
971,2345,-1
972,1273,-1
974,1224,-1
975,1311,-1
975,1451,-1
976,2979,-1
977,1602,-1
977,1925,-1
977,2722,-1
978,1954,-1
978,2983,-1
980,2923,-1
981,1013,-1
982,1173,-1
982,1570,1
982,1889,-1
983,2109,-1
983,2386,-1
983,2610,-1
983,2956,-1
983,2965,-1
984,2197,-1
985,2256,-1
987,1074,-1
988,1508,-1
988,1834,-1
991,1313,-1
991,1827,-1
991,2354,-1
994,2401,-1
997,1937,-1
997,2496,-1
999,1086,-1
999,1428,-1
999,1445,-1
999,2026,-1
1000,1198,-1
1000,1302,-1
1000,1711,-1
1003,1353,-1
1003,2030,-1
1005,2143,-1
1006,1182,-1
1006,1741,-1
1009,2564,-1
1010,1804,-1
1010,2902,-1
1011,1625,-1
1011,1869,-1
1011,2403,-1
1012,1502,-1
1014,1219,-1
1014,1442,-1
1015,1167,-1
1015,2406,-1
1016,1611,-1
1018,1046,-1
1019,2469,-1
1021,2316,-1
1021,2381,-1
1021,2552,1
1023,2381,-1
1025,1365,-1
1025,1756,-1
1026,2125,-1
1029,1291,-1
1029,2457,-1
1031,2329,-1
1031,2791,-1
1032,2875,-1
1033,2042,-1
1033,2804,-1
1035,1063,-1
1036,2173,-1
1037,1663,-1
1038,2192,-1
1040,1362,-1
1040,2332,-1
1042,2500,-1
1043,2539,-1
1043,2943,-1
1044,1915,-1
1045,2073,-1
1046,1745,-1
1046,2396,-1
1046,2773,-1
1047,2746,-1
1048,2596,-1
1048,2858,-1
1050,1086,-1
1050,2022,-1
1050,2052,-1
1053,2331,-1
1055,1280,-1
1056,1961,-1
1056,2236,-1
1058,1382,-1
1058,1830,-1
1060,1665,-1
1060,2169,1
1060,2269,-1
1060,2654,-1
1060,2972,-1
1061,1537,-1
1062,1385,-1
1062,1913,-1
1062,2708,-1
1063,2238,-1
1065,1089,-1
1065,1165,-1
1065,1884,-1
1065,2539,-1
1066,2363,-1
1067,1737,-1
1068,1349,-1
1069,1672,-1
1071,2026,-1
1071,2830,-1
1071,2874,-1
1073,1392,-1
1073,2752,-1
1074,1658,-1
1075,1755,-1
1076,2196,-1
1077,2307,-1
1079,1927,-1
1079,2461,-1
1081,2996,-1
1084,1900,-1
1084,1969,-1
1085,1263,-1
1087,2424,-1
1088,2971,-1
1089,2006,-1
1090,2621,-1
1090,2760,-1
1091,2443,-1
1093,2568,-1
1094,1290,-1
1094,2697,-1
1095,2008,-1
1096,1140,-1
1096,2497,1
1096,2527,-1
1100,2807,-1
1102,2576,-1
1103,2781,-1
1104,1873,-1
1104,2700,-1
1105,1786,-1
1105,2973,-1
1109,2105,-1
1109,2363,-1
1109,2534,-1
1110,2848,-1
1112,1516,-1
1114,1218,-1
1114,2876,-1
1115,1421,-1
1115,1758,-1
1118,1427,-1
1118,2929,-1
1122,1561,-1
1124,1361,-1
1124,2368,-1
1128,2970,1
1129,2366,-1
1129,2407,-1
1130,1246,-1
1131,2402,-1
1133,1811,-1
1133,1829,-1
1133,2327,-1
1135,1911,-1
1136,1704,-1
1137,1701,-1
1137,2351,-1
1137,2920,-1
1139,1214,-1
1140,2876,-1
1143,2228,-1
1145,1787,-1
1147,1807,-1
1147,2026,-1
1148,2888,-1
1152,1690,-1
1153,2336,-1
1159,2519,-1
1160,1829,-1
1161,2360,-1
1163,2027,-1
1164,1791,-1
1164,1910,-1
1164,2179,-1
1165,1717,-1
1166,2327,-1
1168,1911,-1
1169,2690,1
1172,1896,-1
1173,2196,-1
1175,2214,-1
1175,2320,-1
1175,2957,-1
1177,2011,-1
1178,1313,-1
1179,2611,-1
1180,2253,-1
1181,2730,-1
1182,2897,-1
1186,1651,-1
1187,1250,-1
1188,1486,-1
1188,2587,-1
1189,2468,-1
1191,2385,-1
1192,1786,-1
1193,1500,-1
1193,2222,-1
1194,2140,-1
1198,2178,1
1198,2890,-1
1201,2048,-1
1203,1765,-1
1204,1519,-1
1206,2077,-1
1208,1424,-1
1210,1351,-1
1214,2851,-1
1216,2548,-1
1217,1759,-1
1218,2349,-1
1218,2747,-1
1221,1377,-1
1221,2173,-1
1221,2773,-1
1221,2809,-1
1222,2022,-1
1222,2978,-1
1223,1817,-1
1230,1368,-1
1231,2122,-1
1231,2671,-1
1232,1771,-1
1232,2731,-1
1232,2943,-1
1233,2836,-1
1236,1923,-1
1237,1504,-1
1238,1293,-1
1239,1768,-1
1240,1582,-1
1241,1980,-1
1243,2819,-1
1244,2333,-1
1248,1573,-1
1251,2424,-1
1252,1514,-1
1252,2297,-1
1252,2335,-1
1252,2535,-1
1254,1266,-1
1257,2418,-1
1258,2522,-1
1258,2631,-1
1258,2747,-1
1259,2681,-1
1261,2423,-1
1262,2858,-1
1263,1417,-1
1263,1861,-1
1263,2586,-1
1264,2176,-1
1266,1826,-1
1267,1623,-1
1267,2672,-1
1268,1791,-1
1269,2202,-1
1270,1452,-1
1271,2953,-1
1272,2188,-1
1273,1512,-1
1273,2175,-1
1274,2393,-1
1274,2700,-1
1280,2088,-1
1282,1328,-1
1282,1445,-1
1283,1892,-1
1286,1447,-1
1286,2408,-1
1287,1931,-1
1288,1757,-1
1288,1782,-1
1288,2424,-1
1288,2536,-1
1290,1488,-1
1290,2621,-1
1291,2319,-1
1291,2450,-1
1292,2636,-1
1294,2286,-1
1295,1428,-1
1295,2345,-1
1295,2356,-1
1298,2686,-1
1301,1955,-1
1304,1404,-1
1304,1498,-1
1305,2604,-1
1307,1983,-1
1307,2196,-1
1308,1722,-1
1308,2161,-1
1310,2749,-1
1312,2741,-1
1313,1461,-1
1313,1850,-1
1313,2402,-1
1313,2932,-1
1314,2295,-1
1316,2510,-1
1316,2756,-1
1316,2900,-1
1319,1556,-1
1319,2677,-1
1320,1691,-1
1322,1989,-1
1323,1703,-1
1326,2218,-1
1327,2962,-1
1328,1704,-1
1329,1657,-1
1334,2731,-1
1337,1453,-1
1337,1659,-1
1337,2606,-1
1337,2838,-1
1339,2447,-1
1340,1785,-1
1341,1358,-1
1342,2054,-1
1344,2623,-1
1351,1729,-1
1351,1868,-1
1357,1410,-1
1357,2553,-1
1358,2713,-1
1358,2826,-1
1359,2579,-1
1360,2555,-1
1361,2839,-1
1361,2884,-1
1364,1725,-1
1364,1802,-1
1364,2962,-1
1365,1477,-1
1365,1663,-1
1368,1486,-1
1372,1996,-1
1372,2661,-1
1373,2756,-1
1374,2629,-1
1377,1968,-1
1378,1648,-1
1378,1828,-1
1378,2508,-1
1382,2128,-1
1383,1848,-1
1383,2798,-1
1384,1680,-1
1384,2564,-1
1386,1601,-1
1386,1671,-1
1386,2336,-1
1386,2647,-1
1390,1421,-1
1390,1747,-1
1397,1509,-1
1397,1588,-1
1398,2726,-1
1400,2694,-1
1402,1473,-1
1402,1712,1
1403,2677,-1
1404,2490,-1
1406,2174,-1
1406,2883,1
1407,1747,-1
1409,2718,-1
1411,2005,-1
1411,2621,-1
1413,2747,-1
1413,2922,-1
1413,2954,-1
1414,2682,-1
1414,2880,1
1417,2079,-1
1419,2916,-1
1420,1945,-1
1421,2044,-1
1421,2670,-1
1423,1737,-1
1426,2741,-1
1428,1476,-1
1429,1826,-1
1430,2629,-1
1430,2630,-1
1431,2425,-1
1431,2689,-1
1431,2914,-1
1435,2156,-1
1436,2188,-1
1436,2522,-1
1436,2765,-1
1439,1519,-1
1439,2687,-1
1441,2746,-1
1444,2404,-1
1445,2305,-1
1446,1744,-1
1448,2783,-1
1452,2031,-1
1468,2786,-1
1470,2737,-1
1471,2844,-1
1472,1648,-1
1472,1969,-1
1472,2454,-1
1475,1624,-1
1479,2281,-1
1482,2990,-1
1483,1693,-1
1483,1804,-1
1483,2013,-1
1485,2689,-1
1487,2473,-1
1488,2769,-1
1490,1618,-1
1491,1612,-1
1491,1618,-1
1491,2030,-1
1491,2832,-1
1492,2217,-1
1493,2026,-1
1494,1560,-1
1494,2248,-1
1497,1935,-1
1497,2055,-1
1501,1645,-1
1502,1763,-1
1502,2679,-1
1505,2563,-1
1505,2797,-1
1508,1764,-1
1508,2612,-1
1508,2679,1
1510,1511,1
1510,1516,1
1510,1520,1
1510,1523,1
1511,1520,1
1511,1521,1
1511,1529,1
1512,1513,1
1512,1517,1
1512,1520,1
1512,1951,-1
1513,1517,1
1513,1519,1
1513,1522,1
1513,1529,1
1513,2368,-1
1514,1515,1
1515,1521,1
1515,1524,1
1515,1528,1
1515,1529,1
1515,2617,-1
1515,2799,-1
1516,1522,1
1516,1529,1
1517,1519,-1
1517,1526,1
1517,1801,-1
1518,1527,1
1518,2172,-1
1518,2407,-1
1519,1525,1
1520,1527,1
1520,2913,-1
1521,1525,1
1521,1526,1
1522,1528,1
1523,1526,1
1525,2619,-1
1529,1957,-1
1530,1757,-1
1530,2544,-1
1532,1828,-1
1532,2701,-1
1534,1623,-1
1534,2565,-1
1535,1800,-1
1535,2549,-1
1535,2602,-1
1535,2760,-1
1538,2582,-1
1540,1550,1
1540,1882,-1
1540,2949,-1
1541,1542,1
1541,1545,1
1541,1553,1
1542,1549,1
1542,1551,1
1543,1556,1
1544,1547,1
1544,1550,1
1544,1555,1
1546,1547,1
1546,1550,1
1546,1558,1
1546,1641,-1
1547,1549,1
1547,1552,1
1547,1555,1
1547,2195,-1
1548,1550,1
1548,1554,1
1548,1557,1
1548,2821,-1
1550,1554,1
1550,1556,1
1550,1559,1
1551,1555,1
1551,1988,-1
1554,1559,-1
1557,1559,1
1557,2986,-1
1559,2875,-1
1560,1706,-1
1561,1836,-1
1562,1893,-1
1562,2193,-1
1562,2401,-1
1564,2187,-1
1565,1994,-1
1565,2204,-1
1565,2358,-1
1566,2479,-1
1570,1577,1
1570,1583,1
1571,1581,1
1572,1579,1
1572,1583,1
1572,1770,-1
1573,1584,1
1573,1589,1
1574,1580,1
1574,1582,1
1574,2291,-1
1575,1582,1
1575,1587,1
1575,2159,-1
1576,1584,1
1577,1580,1
1577,1582,1
1577,1585,1
1578,1589,1
1579,2900,-1
1580,1584,1
1580,1585,1
1580,1765,-1
1581,1586,1
1582,1588,1
1582,2550,-1
1582,2842,-1
1583,1586,1
1583,1588,1
1583,2862,-1
1584,1587,1
1585,1588,1
1586,2985,-1
1587,1589,1
1587,2090,-1
1587,2227,-1
1588,2959,-1
1589,2210,-1
1589,2394,-1
1589,2459,-1
1590,2900,-1
1593,1979,-1
1593,2521,-1
1593,2903,-1
1594,2780,-1
1594,2814,-1
1595,1675,-1
1596,2433,-1
1596,2756,-1
1597,2707,-1
1598,2703,-1
1600,1603,1
1600,1610,1
1600,1615,1
1600,1617,1
1601,1609,1
1601,1613,1
1601,1619,1
1602,1614,1
1602,2906,-1
1603,1612,1
1603,1616,1
1603,2591,1
1604,1611,1
1604,1613,1
1604,1714,-1
1605,1609,1
1606,1609,1
1606,1610,1
1606,1618,1
1607,1608,1
1608,1611,1
1608,1612,1
1608,1616,1
1608,1619,1
1609,1728,-1
1611,1621,-1
1612,1613,1
1612,1614,1
1612,1717,-1
1612,2494,-1
1612,2503,-1
1613,1618,1
1613,2756,-1
1614,1619,1
1614,1895,-1
1614,1973,-1
1616,2058,-1
1618,1619,-1
1620,1643,-1
1620,1838,-1
1620,2425,-1
1620,2578,-1
1620,2894,-1
1624,1879,-1
1626,1647,-1
1627,1858,-1
1628,1849,-1
1629,2030,-1
1630,1640,1
1630,1648,1
1631,1632,1
1631,1633,1
1631,1635,1
1631,1639,1
1631,1647,1
1632,1637,1
1632,1639,1
1632,1648,1
1632,2947,-1
1633,1646,1
1634,1635,1
1634,1638,1
1634,1648,1
1634,1833,-1
1635,1637,1
1635,1643,1
1636,1641,1
1636,1647,1
1636,2008,-1
1637,1645,1
1637,1648,1
1637,1649,1
1637,1749,-1
1637,1824,-1
1638,1640,1
1638,1645,1
1638,1647,1
1638,1649,1
1638,1701,-1
1639,1647,1
1639,2025,-1
1639,2256,-1
1639,2800,-1
1641,1642,1
1641,2006,-1
1641,2286,-1
1642,1644,1
1642,1954,-1
1643,1648,1
1645,1647,1
1645,1730,-1
1646,1648,1
1646,1677,-1
1647,2629,-1
1648,2569,-1
1650,2337,-1
1652,1721,-1
1653,1826,-1
1653,1848,-1
1653,2259,-1
1656,1688,-1
1660,1674,1
1660,1862,-1
1661,1679,1
1662,1664,1
1662,1669,1
1662,1672,-1
1662,2985,-1
1663,1665,1
1663,1874,-1
1664,2142,-1
1666,1672,1
1666,2395,-1
1667,1674,1
1667,1679,1
1667,1936,-1
1667,1941,-1
1668,1670,1
1668,1672,1
1668,1677,1
1668,2404,1
1669,1670,-1
1669,1674,1
1669,1679,1
1669,2185,-1
1670,1674,1
1671,1673,1
1671,1674,1
1671,1677,1
1671,1818,-1
1672,2354,-1
1674,1752,-1
1674,2197,-1
1675,1677,1
1675,1679,1
1675,1710,-1
1675,2817,-1
1676,1679,1
1676,2665,-1
1676,2862,-1
1677,1678,1
1677,2287,-1
1678,2540,-1
1682,2288,-1
1690,1708,1
1690,2431,-1
1691,1702,1
1691,1708,1
1691,2403,-1
1691,2789,-1
1692,1704,1
1692,1708,1
1693,1696,1
1693,1699,1
1693,1700,1
1693,1701,1
1693,2535,1
1694,1698,1
1694,1704,1
1694,1708,1
1695,1698,1
1695,1701,1
1695,1703,1
1695,2113,-1
1695,2387,-1
1696,1697,1
1696,1702,1
1696,1705,1
1696,2246,-1
1696,2774,-1
1697,2213,-1
1697,2921,-1
1698,1703,1
1698,1707,1
1699,1705,1
1699,1709,1
1700,1708,1
1700,2145,-1
1702,2769,-1
1703,2858,-1
1704,1787,-1
1704,2282,-1
1705,1706,1
1706,1708,1
1706,1731,-1
1706,2392,-1
1706,2866,1
1709,1897,-1
1709,2708,-1
1709,2954,-1
1713,2001,-1
1714,2070,-1
1714,2819,-1
1716,2962,-1
1720,1726,1
1720,1727,1
1720,1733,1
1721,1724,1
1721,1729,1
1721,2466,-1
1722,1732,1
1722,1733,1
1723,1727,1
1723,1735,1
1723,1736,1
1723,1738,1
1724,1736,1
1725,1727,1
1725,2321,-1
1726,1730,1
1726,2483,-1
1727,1733,1
1727,1738,1
1728,1736,1
1728,1738,1
1728,1739,1
1729,1735,1
1731,1739,1
1732,1734,1
1732,2749,-1
1733,2436,-1
1734,2077,-1
1734,2155,-1
1736,1737,1
1737,1739,1
1741,1776,-1
1745,2312,-1
1746,1916,-1
1746,2391,-1
1747,2493,-1
1747,2782,-1
1748,2908,-1
1750,1761,1
1750,1766,1
1750,1943,-1
1751,1753,1
1751,2493,-1
1751,2626,-1
1752,1755,1
1752,1760,1
1752,1761,1
1752,1768,1
1752,2452,-1
1753,1758,1
1753,1760,1
1753,1762,1
1753,1767,1
1753,1823,-1
1754,1761,1
1754,1762,1
1756,1760,1
1756,2740,-1
1757,1758,1
1757,1763,1
1757,1765,1
1757,1767,1
1757,1769,1
1758,1761,1
1758,1762,1
1758,2094,-1
1759,1767,1
1760,2413,-1
1761,1762,1
1761,1763,1
1761,1764,1
1761,2631,-1
1762,2168,-1
1763,2278,-1
1765,1766,1
1773,2291,-1
1774,2283,-1
1777,2082,-1
1778,2157,-1
1778,2745,-1
1778,2963,-1
1779,2147,-1
1780,1782,1
1780,1792,1
1780,1796,1
1780,2374,-1
1781,1783,1
1781,1794,1
1781,1795,1
1782,1788,1
1782,1794,1
1782,1798,1
1782,2661,-1
1783,1786,1
1783,1788,1
1783,1792,1
1783,1794,1
1783,1795,1
1784,1789,1
1785,1788,1
1785,1790,1
1785,1792,1
1785,1795,1
1785,1797,1
1786,1795,1
1786,1797,1
1786,1799,1
1787,1791,1
1787,2718,1
1788,1789,1
1788,1792,1
1788,1799,1
1788,1882,-1
1788,2345,-1
1789,1792,1
1789,1795,1
1789,1796,1
1790,1792,1
1790,1794,1
1790,1797,1
1791,1797,1
1792,1793,1
1792,1794,1
1793,1796,1
1794,1798,1
1794,1943,-1
1794,2262,-1
1794,2628,-1
1795,1798,1
1796,1799,1
1796,2276,-1
1801,2527,-1
1803,2295,-1
1803,2617,-1
1806,2514,-1
1807,2186,-1
1808,2468,-1
1810,1818,1
1810,1825,1
1811,1813,1
1811,1817,1
1811,1822,1
1811,1823,1
1811,1825,1
1811,1827,1
1811,1829,1
1811,2019,-1
1811,2156,-1
1811,2412,-1
1811,2641,-1
1812,1818,1
1813,1822,1
1813,1824,1
1813,1826,1
1813,1828,1
1813,2194,-1
1814,1820,1
1814,1824,1
1814,1828,1
1815,1816,1
1815,1819,1
1815,1820,1
1815,1825,1
1815,1829,1
1815,2319,-1
1816,1821,1
1816,2319,-1
1817,1819,1
1817,2403,-1
1818,1821,1
1818,1829,1
1818,2159,-1
1818,2884,-1
1818,2955,-1
1819,1822,1
1820,1827,1
1820,1829,1
1820,2650,-1
1821,1823,1
1821,1871,-1
1822,1824,1
1822,1827,1
1823,1825,1
1824,1825,1
1824,1827,1
1824,2925,-1
1825,1826,1
1825,2371,-1
1826,1926,-1
1827,2549,-1
1828,1829,1
1830,2224,-1
1833,2905,-1
1834,2716,-1
1836,2047,-1
1836,2581,-1
1837,2098,-1
1837,2589,-1
1837,2979,-1
1839,2453,-1
1840,1841,1
1840,1842,1
1840,1848,1
1840,1849,1
1840,1850,1
1840,1852,1
1841,1843,1
1841,1845,1
1843,1852,1
1843,1854,1
1843,1859,1
1844,1847,1
1844,1849,1
1844,1857,1
1845,1846,1
1845,2319,-1
1845,2678,-1
1846,1848,1
1846,1849,1
1846,1851,1
1846,1857,1
1847,1849,1
1847,1850,1
1847,1862,-1
1847,2797,-1
1848,1857,1
1849,1850,1
1849,1852,1
1850,1851,1
1850,1855,1
1850,1857,1
1850,2902,-1
1851,1852,1
1851,2711,-1
1852,1859,1
1852,2799,-1
1853,1856,1
1853,1858,1
1853,1859,1
1853,2519,-1
1854,1859,1
1857,1859,1
1857,2088,-1
1857,2456,-1
1860,1991,-1
1860,2113,-1
1863,2812,-1
1865,2348,-1
1865,2867,-1
1866,2260,-1
1870,1885,1
1870,1887,1
1870,2884,-1
1871,1879,1
1872,1876,1
1872,1881,1
1872,1887,1
1872,2053,-1
1872,2856,-1
1873,1876,1
1873,1886,1
1873,2500,-1
1874,1887,1
1875,1881,1
1875,1882,1
1875,1883,1
1875,2987,-1
1876,1880,1
1876,2800,-1
1877,1888,1
1877,1889,1
1878,1879,1
1879,2595,-1
1880,1881,1
1880,1884,1
1880,1975,-1
1881,1886,1
1883,1887,1
1883,1888,1
1883,2711,-1
1885,1886,1
1891,2472,-1
1893,2432,-1
1894,2012,-1
1899,2133,-1
1900,1903,1
1900,1904,1
1900,1906,1
1900,1914,1
1901,1902,1
1901,1908,1
1901,1916,-1
1901,2317,-1
1902,1909,1
1902,1910,1
1902,1917,1
1902,1919,1
1903,1909,1
1903,1919,1
1903,1982,-1
1904,1909,1
1904,1919,1
1904,2344,-1
1905,1910,1
1905,1912,1
1905,1913,1
1905,1914,1
1906,1908,1
1906,1910,1
1907,1914,1
1908,1985,-1
1909,1911,-1
1909,1913,1
1910,1911,1
1911,1913,1
1911,2641,-1
1912,1913,1
1912,1914,1
1912,1918,1
1913,1976,-1
1915,1916,1
1915,2757,-1
1916,1919,1
1916,2552,-1
1918,1919,1
1918,2691,-1
1920,2062,-1
1920,2133,-1
1921,2391,-1
1921,2695,-1
1929,2631,-1
1930,1944,1
1930,1947,1
1930,2152,-1
1930,2365,-1
1931,1939,1
1931,1942,1
1931,1946,1
1932,1936,1
1932,1938,1
1932,1943,1
1932,1948,1
1933,1943,1
1933,1945,1
1933,1948,1
1934,1936,1
1934,1948,1
1935,1940,-1
1935,1946,1
1935,1947,1
1937,1938,1
1937,1941,1
1937,2558,-1
1938,2794,-1
1939,1944,1
1939,1949,1
1940,1944,1
1940,1949,1
1941,1946,1
1941,2109,-1
1941,2357,-1
1942,1949,1
1943,1946,1
1943,1949,1
1943,2710,-1
1947,2297,-1
1951,2614,-1
1951,2845,-1
1952,2568,-1
1952,2688,-1
1953,2758,-1
1955,2467,-1
1955,2548,-1
1957,2916,-1
1957,2966,-1
1960,1963,1
1960,1966,1
1960,1975,1
1960,1978,1
1960,2818,-1
1961,1963,1
1961,1967,1
1961,1973,1
1961,1977,1
1961,1978,1
1962,1971,1
1962,1972,1
1963,1978,1
1964,1965,1
1964,1967,1
1964,1975,1
1965,1971,1
1965,2452,-1
1966,1968,1
1966,1970,1
1966,1978,1
1967,1972,1
1967,1979,1
1968,1969,1
1968,1973,1
1968,1976,1
1968,2265,-1
1968,2738,-1
1970,1971,1
1970,1972,1
1970,1973,1
1970,1978,1
1971,1977,1
1972,1978,1
1972,2553,-1
1972,2816,-1
1973,1974,1
1974,1978,1
1975,2872,-1
1980,2866,-1
1980,2973,-1
1981,2161,-1
1983,2112,-1
1985,2396,-1
1985,2512,-1
1987,2404,-1
1988,2498,-1
1990,1991,1
1990,2256,-1
1990,2597,-1
1990,2895,-1
1991,2000,1
1991,2001,1
1991,2002,1
1992,2000,1
1992,2002,1
1992,2004,1
1992,2005,1
1993,1997,1
1993,2003,1
1993,2008,1
1994,2001,1
1994,2006,1
1994,2008,1
1994,2504,-1
1995,2009,1
1996,2000,1
1996,2007,1
1996,2008,1
1996,2089,-1
1997,2202,-1
1998,1999,1
1998,2001,1
1998,2009,1
1998,2275,-1
1999,2496,-1
1999,2930,-1
2000,2378,-1
2000,2514,-1
2001,2006,1
2002,2004,1
2004,2005,1
2004,2076,-1
2005,2800,-1
2006,2363,-1
2008,2504,-1
2008,2807,-1
2009,2189,-1
2009,2460,-1
2012,2156,-1
2012,2171,-1
2012,2478,-1
2017,2379,-1
2020,2021,1
2020,2024,1
2020,2031,1
2021,2025,1
2021,2036,1
2022,2032,1
2022,2038,1
2023,2029,1
2023,2032,1
2023,2039,1
2024,2027,1
2024,2029,1
2024,2035,1
2025,2027,1
2025,2033,1
2025,2034,1
2026,2037,1
2026,2308,-1
2026,2536,-1
2027,2034,1
2027,2035,1
2028,2032,1
2028,2954,-1
2030,2035,1
2031,2034,1
2031,2035,1
2031,2426,-1
2032,2033,1
2032,2034,1
2032,2490,-1
2033,2035,1
2033,2038,1
2035,2039,1
2037,2039,1
2039,2206,-1
2040,2483,-1
2048,2524,-1
2049,2804,-1
2050,2055,1
2050,2057,1
2051,2061,1
2051,2064,1
2051,2068,1
2051,2799,-1
2052,2054,1
2052,2061,1
2052,2067,1
2052,2068,1
2052,2739,-1
2053,2068,1
2054,2063,1
2056,2065,1
2056,2066,1
2056,2069,1
2057,2063,1
2057,2068,1
2057,2768,-1
2058,2068,1
2058,2497,-1
2058,2775,-1
2058,2907,-1
2059,2065,1
2059,2068,1
2060,2063,1
2060,2349,-1
2061,2067,1
2061,2132,-1
2062,2066,1
2062,2731,-1
2064,2663,-1
2065,2066,1
2065,2093,-1
2066,2908,-1
2067,2624,-1
2068,2483,-1
2070,2238,-1
2070,2483,-1
2070,2626,-1
2075,2554,-1
2077,2524,-1
2079,2970,-1
2080,2086,1
2080,2091,1
2080,2223,-1
2080,2506,-1
2081,2085,1
2081,2097,1
2081,2144,-1
2081,2332,-1
2082,2085,1
2082,2099,1
2082,2121,-1
2083,2084,1
2083,2089,1
2083,2091,1
2083,2092,1
2083,2093,1
2083,2097,1
2083,2098,1
2083,2283,-1
2083,2742,-1
2084,2085,1
2084,2093,1
2084,2592,-1
2085,2095,1
2085,2096,1
2085,2659,-1
2085,2956,-1
2086,2090,1
2086,2093,1
2086,2095,1
2086,2096,1
2087,2097,1
2087,2728,-1
2088,2089,1
2088,2090,1
2088,2094,1
2088,2097,1
2088,2098,1
2089,2092,1
2089,2096,1
2089,2098,1
2090,2095,-1
2091,2094,1
2091,2297,-1
2092,2095,1
2092,2099,1
2093,2094,1
2093,2891,-1
2094,2771,-1
2095,2366,-1
2096,2099,1
2097,2098,1
2104,2612,1
2104,2875,-1
2106,2380,-1
2110,2694,-1
2112,2331,1
2113,2831,-1
2121,2352,-1
2125,2817,-1
2129,2138,-1
2131,2876,-1
2134,2232,-1
2135,2239,-1
2142,2342,-1
2142,2371,-1
2143,2455,-1
2144,2350,-1
2145,2217,1
2148,2488,-1
2154,2564,-1
2158,2706,-1
2159,2318,-1
2159,2483,-1
2159,2994,-1
2162,2797,-1
2163,2514,-1
2163,2757,-1
2165,2457,-1
2168,2294,-1
2169,2780,-1
2169,2847,-1
2173,2651,-1
2178,2513,-1
2178,2724,-1
2178,2909,-1
2180,2370,-1
2184,2729,-1
2185,2955,-1
2188,2506,-1
2190,2313,-1
2190,2521,-1
2191,2902,-1
2194,2944,-1
2195,2519,-1
2198,2284,-1
2198,2406,-1
2201,2541,-1
2202,2389,1
2210,2876,-1
2211,2740,-1
2211,2745,-1
2213,2743,-1
2215,2716,-1
2217,2550,1
2221,2892,-1
2222,2534,-1
2225,2393,-1
2225,2949,-1
2226,2277,-1
2227,2483,-1
2228,2760,-1
2233,2251,-1
2234,2366,-1
2235,2603,-1
2235,2696,-1
2236,2483,-1
2238,2264,-1
2241,2735,-1
2242,2559,-1
2243,2255,-1
2243,2704,-1
2245,2484,-1
2245,2944,-1
2247,2623,-1
2248,2886,-1
2259,2658,-1
2259,2750,-1
2263,2300,-1
2263,2393,-1
2264,2308,-1
2266,2938,-1
2272,2527,-1
2274,2750,-1
2282,2343,-1
2282,2426,-1
2282,2866,-1
2284,2938,-1
2285,2383,-1
2285,2723,-1
2288,2571,-1
2290,2929,-1
2296,2926,-1
2297,2882,-1
2299,2536,-1
2303,2748,-1
2305,2384,-1
2308,2820,-1
2310,2551,-1
2310,2994,-1
2311,2345,-1
2313,2402,-1
2324,2680,-1
2325,2354,-1
2325,2433,-1
2325,2486,-1
2330,2519,-1
2331,2740,-1
2343,2845,-1
2349,2903,-1
2351,2383,-1
2352,2762,-1
2355,2724,-1
2356,2416,1
2362,2931,-1
2363,2482,-1
2364,2417,-1
2366,2454,-1
2367,2623,-1
2367,2693,-1
2368,2762,-1
2369,2573,-1
2370,2667,-1
2372,2738,-1
2373,2790,-1
2374,2802,-1
2374,2855,-1
2378,2845,-1
2383,2416,-1
2385,2732,-1
2391,2915,-1
2396,2482,-1
2399,2724,-1
2399,2865,-1
2400,2718,-1
2404,2627,-1
2405,2552,-1
2407,2766,-1
2419,2774,-1
2426,2606,-1
2435,2518,-1
2437,2778,-1
2438,2909,1
2439,2871,-1
2446,2691,-1
2446,2988,-1
2455,2627,-1
2456,2799,-1
2458,2562,-1
2467,2979,-1
2469,2984,-1
2473,2548,-1
2473,2960,-1
2475,2768,-1
2488,2650,-1
2497,2787,-1
2512,2670,-1
2513,2759,-1
2521,2564,-1
2522,2993,-1
2527,2752,-1
2527,2837,-1
2529,2745,-1
2550,2555,1
2550,2556,1
2550,2558,1
2550,2568,1
2550,2573,1
2551,2558,1
2551,2560,1
2551,2566,1
2551,2568,1
2551,2569,1
2551,2571,1
2551,2574,1
2552,2556,1
2552,2563,1
2552,2566,1
2552,2579,1
2553,2567,1
2553,2569,1
2553,2574,1
2553,2576,1
2554,2560,1
2554,2563,1
2555,2559,1
2555,2560,1
2556,2557,1
2556,2558,1
2556,2562,1
2556,2572,1
2556,2574,1
2557,2558,1
2557,2578,1
2558,2570,1
2558,2579,1
2559,2561,1
2559,2567,1
2559,2573,1
2559,2833,1
2560,2561,1
2560,2562,1
2560,2566,1
2560,2569,1
2560,2571,1
2560,2577,1
2561,2565,1
2561,2577,1
2561,2579,1
2562,2563,1
2562,2569,1
2562,2571,1
2562,2575,1
2563,2568,1
2563,2574,1
2563,2577,1
2564,2566,1
2564,2567,1
2564,2571,1
2565,2566,1
2565,2576,1
2565,2577,1
2566,2569,1
2566,2575,1
2567,2576,1
2568,2577,1
2569,2577,1
2569,2578,1
2572,2574,1
2572,2623,-1
2573,2576,1
2574,2576,1
2574,2930,-1
2575,2579,1
2576,2578,1
2578,2589,-1
2580,2589,1
2580,2594,1
2580,2600,1
2580,2604,1
2580,2609,1
2580,2728,-1
2581,2587,1
2581,2602,1
2581,2609,1
2582,2590,1
2582,2596,1
2582,2605,1
2583,2587,1
2583,2604,1
2583,2606,1
2584,2587,1
2584,2590,1
2584,2604,1
2584,2606,1
2584,2608,1
2584,2905,-1
2585,2588,1
2585,2596,1
2585,2597,1
2585,2604,1
2586,2606,1
2587,2593,1
2587,2603,1
2587,2608,1
2587,2609,1
2588,2597,1
2589,2601,1
2589,2603,1
2589,2878,-1
2590,2592,1
2590,2595,1
2590,2597,1
2590,2603,-1
2590,2605,1
2590,2608,1
2591,2592,1
2591,2598,1
2591,2601,1
2591,2607,1
2591,2609,1
2591,2859,-1
2592,2597,1
2592,2599,1
2593,2596,1
2593,2604,1
2593,2606,1
2594,2606,1
2595,2597,1
2595,2604,1
2595,2605,1
2596,2599,1
2596,2608,1
2596,2609,1
2596,2827,-1
2597,2604,1
2597,2606,1
2597,2607,1
2597,2608,1
2598,2602,1
2599,2600,1
2599,2607,1
2599,2609,1
2600,2607,1
2602,2605,1
2602,2609,1
2603,2604,1
2603,2607,1
2604,2609,1
2606,2607,1
2607,2659,-1
2610,2611,1
2610,2613,1
2610,2614,1
2610,2616,1
2610,2632,1
2610,2638,1
2611,2620,1
2611,2623,1
2611,2637,1
2612,2620,1
2612,2623,1
2612,2630,1
2612,2635,1
2613,2621,1
2613,2631,1
2613,2634,1
2614,2630,1
2614,2639,1
2615,2626,1
2616,2626,1
2616,2628,1
2616,2708,1
2617,2619,1
2617,2629,1
2617,2636,1
2618,2621,1
2618,2633,1
2618,2639,1
2618,2994,-1
2619,2625,1
2619,2629,-1
2619,2636,1
2620,2635,1
2620,2637,1
2620,2638,1
2620,2963,-1
2621,2625,1
2621,2626,1
2621,2636,1
2621,2639,1
2622,2637,1
2622,2653,-1
2623,2632,1
2624,2634,1
2625,2634,1
2626,2636,1
2626,2637,1
2626,2997,-1
2627,2630,1
2627,2636,1
2627,2637,1
2627,2638,1
2629,2634,1
2629,2636,1
2629,2638,1
2629,2667,-1
2630,2633,1
2630,2636,1
2632,2633,1
2632,2634,1
2632,2635,1
2633,2635,1
2634,2639,1
2635,2637,1
2637,2730,-1
2640,2645,1
2640,2648,1
2640,2653,1
2640,2654,1
2640,2656,1
2640,2661,1
2641,2642,1
2641,2649,1
2641,2655,1
2641,2660,1
2641,2661,1
2641,2668,1
2642,2649,1
2642,2652,1
2642,2660,1
2643,2648,1
2643,2657,1
2643,2663,1
2644,2648,1
2644,2988,-1
2645,2646,1
2645,2649,1
2645,2651,1
2645,2653,-1
2645,2654,1
2645,2657,1
2647,2651,1
2647,2658,1
2648,2650,-1
2648,2653,1
2648,2655,1
2648,2656,1
2648,2662,1
2648,2663,1
2648,2666,1
2648,2669,1
2649,2656,1
2649,2657,1
2649,2664,1
2650,2656,1
2650,2658,1
2651,2656,1
2651,2659,1
2651,2669,1
2651,2728,-1
2652,2659,1
2652,2664,1
2652,2667,1
2653,2657,1
2653,2662,1
2653,2667,1
2654,2667,1
2655,2657,1
2656,2668,1
2656,2842,1
2657,2659,1
2657,2661,1
2657,2668,1
2658,2661,1
2658,2664,1
2659,2661,1
2659,2663,1
2660,2739,-1
2660,2938,-1
2661,2665,1
2661,2668,1
2663,2667,1
2664,2665,1
2665,2669,1
2667,2668,1
2667,2776,-1
2667,2994,-1
2668,2690,-1
2670,2673,1
2670,2681,1
2670,2683,1
2670,2685,1
2670,2688,1
2670,2689,1
2670,2695,1
2670,2696,1
2670,2699,1
2671,2677,1
2671,2678,1
2671,2680,1
2671,2694,1
2671,2697,1
2672,2675,1
2672,2682,1
2672,2683,1
2672,2687,1
2672,2689,1
2672,2694,1
2673,2687,1
2673,2697,1
2674,2683,1
2674,2690,1
2674,2692,1
2674,2697,1
2675,2681,1
2675,2686,1
2675,2688,1
2675,2694,1
2675,2698,1
2676,2677,1
2676,2679,1
2676,2687,1
2676,2691,1
2676,2697,1
2676,2698,1
2677,2689,1
2677,2692,1
2677,2693,1
2678,2686,1
2678,2693,1
2679,2688,1
2679,2691,1
2679,2695,1
2679,2698,1
2680,2688,1
2680,2689,1
2681,2692,1
2681,2696,1
2681,2697,1
2682,2688,1
2682,2690,1
2682,2698,1
2683,2693,1
2683,2695,1
2683,2696,1
2683,2697,1
2683,2858,-1
2684,2688,1
2684,2698,1
2684,2734,-1
2685,2693,1
2686,2696,1
2686,2698,1
2687,2692,1
2687,2697,1
2688,2692,1
2689,2693,1
2689,2694,1
2689,2698,1
2691,2694,1
2691,2697,1
2691,2699,1
2691,2806,-1
2692,2697,1
2696,2697,1
2698,2699,1
2700,2720,1
2701,2712,1
2701,2723,1
2701,2724,1
2701,2728,1
2702,2707,1
2702,2725,1
2702,2729,1
2703,2711,1
2703,2713,1
2703,2727,1
2703,2728,1
2704,2708,1
2704,2709,1
2704,2720,1
2704,2727,1
2705,2714,1
2705,2717,1
2705,2727,1
2706,2708,1
2706,2726,1
2707,2719,1
2707,2720,1
2707,2722,1
2707,2724,1
2707,2725,1
2708,2713,1
2708,2718,1
2708,2727,1
2709,2713,1
2709,2715,1
2709,2716,1
2709,2717,1
2709,2722,1
2710,2714,1
2710,2716,1
2710,2719,1
2710,2720,1
2710,2721,1
2710,2724,1
2710,2725,1
2710,2726,1
2710,2728,1
2711,2728,1
2712,2713,1
2712,2717,1
2712,2727,1
2713,2715,1
2713,2718,1
2713,2719,1
2713,2728,1
2713,2729,1
2714,2716,1
2714,2717,1
2714,2722,1
2714,2724,1
2715,2716,1
2715,2722,1
2716,2717,1
2716,2718,1
2716,2721,1
2716,2726,1
2716,2729,1
2717,2724,1
2717,2727,1
2717,2728,1
2718,2725,-1
2719,2725,1
2721,2722,1
2722,2724,1
2723,2725,1
2724,2725,1
2725,2727,1
2726,2729,1
2728,2729,1
2730,2740,1
2730,2752,1
2731,2752,1
2731,2753,1
2732,2735,1
2732,2747,1
2732,2748,1
2732,2754,1
2732,2755,1
2732,2756,1
2733,2734,1
2733,2740,1
2733,2754,1
2733,2755,1
2733,2757,1
2733,2759,1
2734,2749,1
2734,2752,1
2734,2756,1
2734,2758,1
2735,2736,1
2736,2737,1
2736,2750,1
2737,2739,1
2737,2752,1
2738,2753,1
2739,2753,1
2739,2759,1
2739,2948,-1
2740,2746,1
2740,2748,1
2740,2750,1
2740,2753,1
2741,2746,1
2741,2759,1
2742,2748,1
2743,2755,1
2743,2757,1
2743,2774,1
2744,2745,1
2744,2750,1
2744,2752,1
2744,2755,1
2744,2758,1
2745,2748,1
2745,2751,1
2745,2752,1
2747,2749,1
2747,2906,-1
2748,2754,1
2748,2759,1
2749,2750,1
2749,2753,1
2750,2752,1
2750,2758,1
2751,2757,1
2753,2755,1
2753,2759,1
2754,2994,-1
2755,2758,1
2756,2758,1
2757,2758,1
2760,2764,1
2760,2776,1
2760,2777,1
2760,2787,1
2761,2764,1
2761,2770,1
2761,2786,1
2762,2765,1
2762,2766,1
2762,2770,1
2762,2772,1
2762,2776,1
2762,2779,1
2762,2780,1
2762,2788,1
2763,2765,1
2763,2768,1
2763,2774,1
2763,2789,1
2764,2767,1
2764,2769,1
2764,2782,1
2765,2773,1
2765,2774,1
2765,2777,1
2765,2783,1
2765,2784,1
2766,2782,1
2766,2786,1
2767,2771,1
2767,2775,1
2767,2776,1
2767,2777,1
2767,2783,1
2767,2788,1
2768,2769,1
2768,2774,1
2768,2784,1
2768,2789,1
2769,2770,1
2769,2776,1
2769,2777,1
2769,2779,1
2769,2787,1
2769,2788,1
2770,2777,1
2770,2783,1
2770,2784,1
2770,2786,1
2771,2780,1
2771,2787,1
2772,2777,1
2772,2782,1
2772,2848,1
2774,2779,1
2774,2786,1
2775,2779,1
2775,2780,1
2775,2782,1
2775,2972,-1
2776,2779,1
2776,2781,1
2776,2784,1
2776,2786,1
2777,2779,1
2777,2789,1
2778,2783,1
2780,2783,1
2780,2788,1
2781,2783,1
2782,2785,1
2783,2789,1
2783,2867,-1
2785,2786,1
2790,2793,1
2790,2805,1
2790,2808,1
2790,2810,1
2790,2870,-1
2791,2819,1
2791,2921,-1
2792,2799,1
2792,2801,1
2792,2804,1
2792,2805,1
2792,2807,1
2792,2808,1
2792,2818,1
2793,2796,1
2793,2801,1
2793,2804,1
2793,2809,1
2793,2812,1
2793,2813,1
2794,2806,1
2795,2798,1
2795,2803,-1
2795,2812,1
2796,2799,1
2796,2803,1
2796,2804,-1
2796,2813,1
2797,2809,1
2797,2811,1
2798,2803,1
2798,2804,1
2798,2808,1
2798,2815,1
2798,2816,1
2798,2817,1
2799,2802,1
2799,2810,1
2799,2816,1
2799,2818,1
2800,2803,1
2800,2804,1
2800,2806,1
2800,2818,1
2801,2805,1
2801,2808,1
2801,2811,1
2801,2815,1
2801,2819,1
2803,2812,1
2804,2806,1
2804,2815,1
2805,2817,1
2805,2824,-1
2806,2807,1
2806,2808,-1
2806,2813,1
2806,2817,1
2806,2818,1
2806,2819,1
2807,2817,1
2808,2813,1
2808,2816,1
2808,2818,1
2809,2816,1
2810,2812,1
2810,2814,1
2811,2812,1
2812,2814,1
2813,2819,1
2816,2818,1
2818,2819,1
2820,2826,1
2820,2836,1
2820,2844,1
2821,2823,1
2821,2828,1
2821,2832,1
2821,2834,1
2822,2823,1
2822,2834,1
2822,2835,1
2822,2841,1
2822,2845,1
2822,2849,1
2823,2824,1
2823,2825,1
2823,2834,1
2823,2835,1
2823,2840,1
2825,2834,1
2825,2842,1
2826,2831,1
2826,2833,1
2826,2844,1
2826,2846,1
2826,2848,1
2827,2845,1
2828,2830,1
2828,2834,1
2828,2843,1
2828,2848,1
2828,2849,1
2828,2889,-1
2829,2834,1
2829,2836,1
2829,2838,1
2829,2840,1
2829,2846,1
2830,2839,1
2830,2846,1
2830,2849,1
2831,2842,1
2832,2833,1
2832,2834,1
2832,2842,1
2832,2843,1
2832,2844,1
2832,2845,1
2833,2837,1
2835,2842,1
2835,2846,1
2835,2849,1
2836,2845,1
2836,2846,1
2837,2841,1
2837,2843,1
2837,2848,1
2837,2849,1
2840,2847,1
2841,2845,1
2842,2845,1
2844,2846,1
2845,2849,1
2850,2854,1
2850,2856,1
2850,2863,1
2850,2865,1
2851,2854,1
2851,2855,1
2851,2857,1
2851,2860,1
2851,2863,1
2851,2865,1
2851,2870,1
2851,2875,1
2852,2855,1
2852,2866,1
2852,2869,1
2852,2873,1
2852,2876,1
2852,2877,1
2853,2874,1
2854,2857,1
2854,2867,1
2854,2871,1
2854,2872,1
2855,2858,1
2855,2864,1
2855,2866,1
2855,2869,1
2855,2875,1
2855,2876,1
2856,2864,1
2856,2867,1
2856,2875,1
2857,2859,1
2857,2865,1
2857,2870,1
2858,2860,1
2858,2863,1
2858,2866,1
2859,2863,1
2859,2870,1
2859,2871,1
2860,2864,1
2860,2879,1
2861,2867,1
2862,2868,1
2862,2873,1
2862,2876,-1
2862,2877,1
2862,2879,1
2863,2864,1
2863,2874,1
2864,2869,1
2864,2870,1
2864,2876,1
2864,2877,1
2865,2875,1
2866,2875,1
2866,2876,1
2867,2873,1
2867,2878,1
2871,2872,1
2872,2873,1
2872,2878,1
2875,2878,1
2875,2879,1
2880,2883,1
2880,2900,1
2881,2899,1
2881,2905,1
2881,2909,1
2882,2884,1
2882,2889,1
2882,2897,1
2882,2900,1
2883,2887,1
2883,2889,1
2883,2893,1
2883,2905,1
2883,2908,1
2884,2891,1
2884,2903,1
2884,2907,1
2885,2886,1
2885,2890,1
2885,2893,1
2885,2897,1
2885,2899,1
2885,2901,1
2885,2906,1
2886,2890,1
2886,2895,1
2886,2899,1
2887,2890,1
2887,2892,1
2887,2893,1
2887,2894,1
2887,2899,1
2888,2894,1
2888,2902,1
2889,2890,1
2889,2891,1
2889,2906,1
2889,2908,1
2890,2905,1
2891,2892,1
2891,2907,1
2892,2894,1
2892,2901,1
2892,2908,1
2893,2895,1
2893,2908,1
2893,2909,1
2894,2896,1
2894,2897,1
2894,2900,1
2895,2896,1
2895,2905,1
2896,2904,1
2896,2908,1
2898,2904,1
2898,2906,1
2898,2907,1
2899,2902,1
2899,2907,1
2900,2907,1
2901,2903,1
2902,2904,1
2902,2907,1
2902,2909,1
2903,2909,1
2904,2908,1
2906,2908,1
2906,2909,1
2910,2918,1
2910,2936,1
2910,2938,1
2911,2922,1
2911,2924,1
2911,2925,1
2911,2928,1
2911,2931,1
2911,2933,1
2911,2936,1
2911,2939,1
2912,2916,1
2912,2917,1
2912,2918,1
2912,2928,1
2912,2932,1
2912,2934,1
2913,2918,1
2913,2929,1
2913,2932,1
2913,2935,1
2913,2938,1
2914,2918,1
2914,2930,1
2914,2931,1
2914,2932,1
2914,2936,-1
2915,2929,1
2915,2930,1
2915,2939,1
2916,2918,1
2916,2928,1
2917,2929,1
2917,2931,1
2918,2921,1
2918,2922,1
2918,2924,1
2918,2929,1
2918,2935,1
2918,2936,1
2918,2938,1
2919,2926,1
2919,2930,1
2919,2936,1
2920,2923,1
2921,2924,1
2921,2928,1
2921,2934,1
2923,2926,1
2923,2938,1
2924,2927,1
2924,2929,1
2924,2935,1
2926,2929,-1
2926,2936,1
2927,2932,1
2927,2937,1
2927,2938,1
2928,2930,1
2928,2933,1
2929,2934,1
2930,2934,1
2930,2938,1
2931,2933,1
2931,2935,1
2931,2938,1
2936,2937,1
2937,2938,1
2937,2939,1
2940,2942,1
2940,2946,1
2940,2949,1
2940,2957,1
2940,2965,1
2940,2966,1
2941,2951,1
2941,2957,1
2941,2968,1
2942,2953,1
2942,2958,1
2942,2965,1
2943,2946,1
2943,2949,1
2943,2965,1
2943,2969,1
2944,2946,1
2944,2950,1
2945,2949,1
2945,2966,1
2946,2952,1
2946,2964,1
2947,2956,1
2948,2951,1
2948,2960,1
2948,2966,1
2948,2968,1
2949,2964,1
2950,2952,1
2950,2960,1
2950,2964,1
2950,2968,1
2950,2969,1
2951,2956,1
2951,2962,1
2951,2964,1
2951,2965,1
2952,2963,1
2952,2964,1
2953,2960,1
2953,2967,1
2953,2969,1
2954,2959,1
2954,2962,1
2954,2965,1
2955,2956,1
2957,2964,1
2958,2963,1
2958,2965,1
2959,2969,1
2960,2961,1
2962,2965,1
2963,2965,1
2964,2968,1
2964,2969,1
2967,2969,1
2969,2978,-1
2970,2986,1
2971,2972,1
2971,2980,1
2971,2981,1
2971,2988,1
2971,2991,1
2971,2997,1
2971,2998,1
2971,2999,1
2972,2978,1
2972,2981,1
2972,2983,1
2972,2988,1
2972,2994,1
2972,2995,1
2973,2981,1
2973,2983,1
2973,2985,1
2973,2986,1
2974,2977,1
2974,2988,1
2974,2993,1
2974,2994,1
2974,2996,1
2975,2978,1
2975,2983,1
2975,2985,1
2976,2977,1
2976,2984,1
2976,2988,1
2976,2994,1
2977,2981,1
2977,2984,1
2977,2994,1
2978,2987,1
2978,2999,1
2979,2983,1
2979,2991,1
2979,2995,1
2979,2996,1
2979,2999,1
2980,2991,1
2980,2994,1
2980,2997,1
2980,2999,1
2981,2997,1
2982,2984,1
2982,2987,1
2982,2991,1
2982,2993,1
2982,2997,1
2982,2998,1
2983,2994,1
2983,2998,1
2984,2985,1
2984,2998,1
2985,2988,1
2986,2987,1
2986,2998,1
2987,2994,1
2988,2998,1
2989,2990,1
2989,2994,1
2989,2995,1
2989,2996,1
2990,2998,1
2990,2999,1
2991,2998,1
2991,2999,1
2992,2993,1
2992,2997,1
2993,2995,1
2993,2996,1
2994,2995,1
2994,2996,1
2994,2997,1
2996,2997,1
2996,2998,1
2997,2999,1
