0,10,1
0,15,1
0,18,1
0,473,-1
1,15,1
1,67,-1
2,28,1
3,9,1
3,10,1
3,15,1
3,21,1
3,28,1
3,231,-1
3,585,-1
3,766,-1
4,18,1
4,22,1
4,23,1
4,55,-1
4,81,-1
5,20,1
5,956,-1
6,9,1
6,431,-1
6,1838,-1
6,1881,-1
7,14,1
7,43,-1
8,9,1
8,15,1
8,22,1
8,28,1
8,191,-1
8,2726,-1
8,2970,-1
9,10,1
9,16,1
9,2212,-1
9,2835,-1
10,695,-1
10,2241,-1
11,13,1
11,16,1
11,23,1
11,2089,-1
12,15,1
12,16,1
12,1992,-1
13,29,1
13,692,-1
13,1094,-1
14,18,1
14,26,-1
15,22,1
15,25,1
15,27,1
15,954,-1
16,374,-1
16,2892,-1
16,2913,-1
17,24,1
17,25,1
17,716,-1
17,2411,-1
17,2680,-1
18,21,1
18,26,1
18,567,-1
18,1065,-1
18,2460,-1
19,23,1
19,25,1
19,1104,-1
19,2958,-1
20,1274,-1
21,1428,-1
21,2737,-1
22,27,1
22,901,-1
23,25,1
23,2235,-1
23,2837,-1
25,339,-1
25,1594,-1
25,2127,-1
26,27,1
26,2030,-1
27,29,1
27,122,-1
27,1647,-1
28,438,-1
28,1268,-1
29,258,-1
29,1295,-1
30,37,1
30,48,1
30,50,1
30,448,-1
31,33,1
31,42,1
31,43,1
31,52,1
31,288,-1
31,1392,-1
31,2583,-1
31,2818,-1
32,34,1
32,43,1
32,47,1
32,52,1
32,59,1
32,538,-1
32,2813,-1
33,37,1
33,54,1
34,41,1
34,44,1
34,2750,-1
35,36,1
35,37,1
35,48,1
35,419,-1
35,905,-1
35,2341,-1
35,2864,-1
36,43,1
36,54,1
36,1186,-1
36,1350,-1
36,1529,-1
36,2602,-1
37,47,1
37,51,1
37,54,1
37,1900,-1
37,2404,-1
38,44,1
38,46,1
38,50,1
38,1844,-1
39,45,1
39,48,1
39,56,1
39,58,1
39,59,1
39,909,-1
40,47,1
40,52,1
40,53,1
40,54,1
40,56,1
40,57,1
40,249,-1
40,2745,-1
41,57,1
41,820,-1
41,1021,-1
42,43,1
42,45,1
42,47,1
42,49,1
42,55,1
42,479,-1
42,2640,-1
43,49,1
43,52,1
43,57,1
43,1706,-1
43,2640,-1
44,45,1
44,1639,-1
45,53,1
45,1699,-1
46,47,1
47,49,1
47,52,1
47,2771,-1
48,59,1
48,2000,-1
49,54,1
49,117,-1
51,57,1
51,584,-1
51,796,-1
51,1299,-1
52,2264,-1
54,59,1
54,331,-1
54,2990,-1
55,1742,-1
55,2525,-1
56,57,1
56,1747,-1
56,2720,-1
58,235,-1
58,1269,-1
59,710,-1
60,79,1
60,89,1
60,198,-1
60,1970,-1
61,67,1
61,79,1
61,740,-1
62,75,1
62,79,1
62,770,-1
62,780,-1
62,1132,-1
62,1391,-1
63,70,1
63,71,-1
63,83,1
63,84,1
63,87,1
63,1160,-1
64,88,1
64,1014,-1
64,1954,-1
65,73,1
65,75,1
65,76,1
65,80,1
65,2863,-1
66,68,1
66,70,1
67,70,1
67,71,1
67,75,1
67,85,1
67,212,-1
67,2122,-1
68,70,1
68,74,1
68,89,1
68,294,-1
68,1158,-1
68,2908,-1
68,2971,-1
69,80,1
69,2262,-1
70,78,1
70,80,1
70,89,1
70,1082,-1
71,89,1
71,494,-1
71,1623,-1
71,1816,-1
72,76,-1
72,77,1
72,86,1
73,82,1
73,86,1
74,2185,-1
75,79,1
75,280,-1
75,1665,1
76,87,1
77,80,1
77,81,1
77,84,1
77,87,1
77,1239,-1
78,908,1
79,82,1
79,86,1
80,86,1
80,89,1
80,1488,-1
80,2342,-1
81,1850,-1
81,2800,1
82,311,-1
82,1576,-1
82,2196,-1
83,84,1
83,271,-1
83,2526,-1
85,2548,-1
86,673,-1
86,1965,-1
87,88,1
87,89,1
87,306,-1
87,2309,-1
88,1630,-1
88,2020,-1
90,91,1
90,101,1
90,119,1
90,285,-1
91,96,1
91,98,1
91,104,1
91,106,1
91,107,1
91,108,1
92,99,1
92,103,1
92,107,1
92,112,1
93,105,1
93,118,1
93,1062,-1
94,96,1
94,97,1
94,99,1
94,1024,-1
95,101,1
95,106,1
95,108,1
95,560,-1
95,2109,-1
95,2737,-1
97,114,1
98,99,1
98,105,1
98,111,1
98,999,-1
98,2038,-1
98,2622,-1
99,102,1
99,110,1
99,115,1
100,109,1
100,110,1
100,113,1
100,117,1
102,107,1
102,112,1
102,1226,1
103,178,-1
104,118,1
104,236,-1
104,391,-1
104,942,-1
105,108,1
105,192,-1
105,571,-1
105,667,-1
105,1121,-1
106,112,1
106,118,1
106,1349,-1
107,118,1
107,1171,-1
107,2854,-1
108,110,1
108,114,1
108,115,1
108,116,1
108,118,1
109,433,-1
109,1513,-1
110,113,1
110,117,1
111,112,1
111,113,1
111,1971,-1
112,247,-1
112,710,-1
113,119,1
113,2584,-1
114,359,-1
114,2438,-1
115,2788,-1
116,117,1
117,1272,-1
117,1685,-1
117,2789,-1
120,125,1
120,129,1
120,139,1
120,143,1
120,145,1
120,521,-1
120,2158,-1
120,2794,-1
121,123,1
122,126,1
122,127,1
123,128,1
123,134,1
123,138,1
123,141,1
123,145,1
123,148,1
123,2086,-1
123,2556,-1
123,2736,-1
124,136,1
124,148,1
124,1141,-1
125,132,1
125,2028,-1
126,130,1
126,135,1
127,139,1
127,140,1
127,147,1
127,148,1
127,2192,-1
127,2882,-1
128,131,-1
128,142,1
128,1474,-1
129,131,1
129,1450,-1
129,1532,-1
129,2138,-1
130,140,1
130,1513,-1
131,140,1
131,141,1
131,144,1
131,1162,-1
131,2828,-1
132,142,1
132,1192,-1
132,2515,-1
133,135,1
133,144,1
133,2927,-1
134,597,-1
134,1697,-1
134,1944,-1
134,2456,-1
134,2522,-1
135,137,1
135,146,1
135,1403,-1
136,144,1
136,861,-1
136,1023,-1
136,2536,-1
137,743,-1
137,1752,-1
139,147,1
139,252,-1
139,1839,-1
140,147,1
140,1770,-1
141,148,1
141,551,-1
141,1458,-1
141,2773,-1
141,2806,-1
142,2466,-1
143,144,1
143,145,1
143,422,-1
143,1389,-1
143,1459,-1
143,2452,-1
144,149,1
146,733,-1
146,2449,-1
147,1948,-1
148,1453,-1
149,256,-1
149,891,-1
150,177,1
150,1011,-1
150,1408,-1
150,2195,-1
151,153,1
151,154,1
151,161,1
151,178,1
151,179,1
151,464,-1
152,156,1
152,381,-1
153,161,1
153,162,1
153,175,1
153,1030,-1
153,1068,-1
153,1679,-1
153,1949,-1
154,156,1
154,173,1
154,1930,-1
155,157,1
155,174,1
155,175,1
155,256,-1
155,1337,-1
155,2441,-1
156,169,1
156,176,1
156,179,1
156,1299,-1
156,2476,-1
157,167,1
157,1345,-1
158,168,1
158,170,1
158,2154,-1
159,161,1
160,176,1
161,166,1
161,175,1
161,782,1
161,818,-1
162,179,1
162,2049,-1
163,165,1
163,716,-1
163,2911,-1
164,168,1
164,749,-1
164,902,-1
164,1176,-1
164,2903,-1
165,1918,-1
165,2871,-1
166,176,1
166,362,-1
167,361,-1
167,873,-1
167,1994,-1
168,172,1
168,178,1
168,2279,-1
169,172,1
169,2093,-1
169,2108,-1
169,2611,-1
170,2194,-1
170,2265,-1
171,172,1
171,179,1
171,392,-1
172,175,1
172,177,1
172,1661,-1
173,2898,-1
174,2772,-1
175,1578,-1
175,1836,-1
177,1444,-1
178,2753,-1
179,1087,-1
180,182,1
180,187,1
180,198,1
180,200,1
181,190,1
181,201,1
181,204,1
182,183,1
183,186,1
183,206,1
183,207,1
183,1358,-1
183,1803,-1
184,191,1
184,195,1
184,1219,-1
185,187,1
185,209,1
186,199,1
186,1940,-1
188,189,1
188,197,1
189,192,1
189,2154,-1
189,2383,-1
190,195,1
190,986,-1
191,783,-1
192,1226,-1
192,2906,-1
193,196,1
193,197,1
193,202,1
193,888,-1
194,199,1
194,381,-1
194,592,-1
194,826,-1
194,1285,-1
194,1405,-1
195,205,1
195,208,1
195,1871,-1
196,202,1
196,513,-1
196,1094,-1
196,1850,-1
196,2395,-1
196,2907,-1
197,203,1
197,255,-1
197,1508,-1
198,1009,-1
199,970,-1
199,1724,-1
199,2602,-1
200,539,-1
200,1960,-1
202,2547,-1
204,571,-1
204,1235,-1
204,2194,-1
208,320,-1
209,1501,-1
209,1917,-1
209,2486,-1
209,2873,-1
210,225,1
210,234,1
210,676,-1
210,1905,-1
211,215,1
211,2277,-1
211,2446,-1
212,231,1
212,233,1
213,226,1
213,235,1
213,239,1
213,1603,-1
214,229,1
215,219,1
215,224,1
215,232,1
215,505,-1
215,728,-1
215,2459,-1
216,229,1
216,1693,-1
217,225,1
217,234,1
217,236,1
217,238,1
217,1179,-1
217,2911,-1
218,239,1
219,222,1
219,237,1
219,1181,-1
220,229,1
220,235,1
220,2440,1
220,2802,-1
221,230,1
221,447,-1
221,1685,-1
223,236,1
223,239,1
224,227,1
224,231,1
224,235,1
224,404,-1
224,2632,-1
225,1719,-1
226,1604,-1
226,2625,-1
227,1344,-1
228,233,1
228,554,-1
228,2142,-1
229,507,-1
229,951,-1
230,2252,-1
231,234,1
231,669,-1
231,717,-1
231,2849,-1
232,233,1
232,1852,-1
233,784,-1
233,2401,-1
237,1003,-1
237,1609,-1
237,2424,-1
237,2704,-1
239,564,-1
239,1101,-1
239,1745,-1
240,257,1
240,263,1
240,273,-1
240,969,-1
240,1704,-1
240,2237,-1
240,2330,-1
241,243,1
241,255,1
241,257,1
241,260,1
241,2776,-1
242,249,1
242,251,1
242,261,1
242,267,1
242,2402,-1
243,247,1
243,259,1
243,261,1
243,269,1
243,1272,-1
243,1651,-1
243,2252,-1
244,247,1
244,253,1
244,269,1
245,251,1
245,264,1
245,1185,-1
245,2317,-1
245,2701,-1
246,254,1
246,1680,-1
247,255,1
247,257,1
247,2163,-1
248,263,1
249,253,1
249,255,1
249,2410,-1
249,2668,-1
250,255,1
250,256,1
250,694,-1
250,980,-1
251,256,1
251,1857,-1
251,2175,-1
252,258,1
252,266,1
252,1439,-1
252,1633,-1
252,2610,-1
253,256,1
253,812,-1
253,1022,-1
254,260,1
254,261,-1
254,1503,-1
255,265,1
255,2345,-1
255,2478,-1
255,2685,-1
256,563,-1
256,2528,-1
258,2481,-1
259,269,1
259,1771,-1
260,261,1
261,405,-1
261,1516,-1
261,1710,-1
261,1788,-1
261,1945,-1
261,2195,-1
262,266,1
262,1262,-1
262,1620,-1
262,2077,-1
262,2396,-1
263,268,1
263,546,-1
263,912,-1
264,265,1
264,293,-1
264,1284,-1
264,2945,-1
265,948,-1
265,2971,-1
266,467,-1
266,2737,-1
268,1032,-1
268,1699,-1
268,2965,-1
270,274,1
270,283,1
270,288,1
270,289,1
270,294,1
270,295,1
270,299,1
271,276,1
271,290,1
271,2252,-1
271,2798,-1
271,2984,-1
272,296,1
272,298,1
272,1783,-1
273,275,1
273,299,1
274,281,1
274,285,1
274,291,1
274,1337,-1
275,281,1
275,2451,-1
276,277,1
276,2246,-1
277,285,1
277,287,1
277,295,1
277,550,-1
278,279,1
278,281,1
278,295,1
278,2663,-1
279,1999,-1
280,281,1
280,295,1
280,771,-1
280,2288,-1
281,282,1
281,292,1
281,641,-1
281,718,-1
281,2462,-1
282,284,1
282,297,1
282,1429,-1
282,2970,-1
284,290,1
284,299,1
285,297,1
285,1424,-1
285,2492,-1
286,293,1
286,298,1
286,1232,-1
286,1966,-1
286,2202,-1
286,2334,-1
286,2519,-1
287,610,-1
287,1712,-1
287,2612,-1
287,2925,-1
288,289,1
288,548,-1
288,631,-1
288,1939,-1
288,1999,-1
289,291,1
289,433,-1
289,647,-1
289,1754,-1
289,1924,-1
289,2832,-1
290,1358,-1
291,2249,-1
291,2659,-1
292,691,-1
292,2748,-1
292,2821,-1
293,299,1
294,299,1
295,1979,-1
295,2938,-1
296,1138,-1
296,2868,-1
300,301,1
300,304,1
300,319,1
300,320,1
300,324,1
300,789,-1
301,307,1
301,314,1
301,318,1
301,328,1
301,563,-1
302,317,-1
302,319,1
302,325,-1
303,317,1
303,1850,-1
304,321,1
304,325,1
304,1804,-1
305,312,1
305,313,1
305,320,1
305,322,1
305,1679,-1
306,318,1
306,324,1
306,327,1
306,399,-1
306,1375,-1
307,308,1
307,311,1
307,320,1
307,2601,-1
308,309,1
308,320,1
308,329,1
308,1461,-1
309,315,1
309,2188,-1
310,320,1
310,327,1
310,329,1
310,826,-1
311,313,1
311,314,1
311,315,1
311,465,-1
312,315,1
312,317,1
312,320,1
312,1254,-1
312,2970,-1
313,322,1
313,329,1
313,2206,-1
314,320,1
314,1869,-1
315,317,1
315,318,1
316,328,1
316,337,-1
317,1277,-1
317,2792,-1
317,2942,-1
318,320,1
318,654,1
318,1066,-1
320,321,1
320,323,1
320,329,1
320,925,-1
320,2835,-1
321,323,1
321,1011,-1
321,1518,-1
322,759,-1
323,329,1
323,395,-1
323,471,-1
324,328,1
324,2416,-1
325,326,1
326,328,1
326,329,1
326,2107,-1
327,1541,-1
327,2232,-1
327,2638,-1
328,685,-1
328,781,-1
328,2771,-1
330,344,1
330,354,1
330,1526,-1
330,1953,-1
331,334,1
332,338,1
332,343,1
332,351,1
332,894,-1
332,1833,-1
333,336,1
333,337,1
333,344,1
333,2309,-1
334,346,1
334,347,1
335,344,1
335,350,1
335,355,1
335,359,1
335,2846,-1
336,514,-1
337,341,1
337,350,1
337,1106,-1
337,2584,-1
338,640,-1
339,348,1
339,351,1
339,352,1
340,354,1
340,1969,-1
340,1985,-1
340,2421,-1
341,351,1
341,359,1
341,1192,-1
342,357,1
342,1563,-1
342,2092,-1
342,2930,-1
343,353,1
343,359,1
344,350,1
344,356,1
344,1512,-1
344,2994,-1
345,354,1
345,357,1
345,2277,-1
346,357,1
346,727,-1
346,2079,-1
346,2852,-1
347,348,1
347,353,1
347,2434,-1
348,2948,-1
349,351,1
349,358,1
351,354,1
351,2793,-1
352,353,1
352,1481,-1
352,1677,-1
352,2207,-1
353,501,-1
353,2350,-1
354,2400,-1
354,2688,-1
355,358,1
356,1221,-1
356,1651,-1
356,2104,-1
356,2187,-1
357,776,-1
357,2141,-1
358,2013,-1
359,738,-1
359,2852,-1
360,381,1
360,383,1
361,362,1
361,380,1
361,382,1
361,557,-1
361,821,-1
361,1669,-1
361,1790,-1
361,2208,-1
362,368,1
362,376,1
362,382,1
363,368,1
363,1395,-1
363,1918,-1
364,365,1
364,2019,-1
365,371,1
365,373,1
365,377,1
365,382,1
366,367,1
366,911,-1
366,2899,-1
367,381,1
367,415,-1
367,2119,-1
369,375,1
369,379,1
369,1276,1
369,1810,-1
369,2680,-1
370,377,1
370,380,1
371,389,1
371,1139,-1
371,2478,-1
372,375,1
372,389,1
372,2956,-1
373,374,1
373,378,1
373,384,1
373,388,1
373,1748,-1
374,376,1
374,383,1
374,837,-1
374,1245,-1
375,1356,-1
376,440,-1
376,450,-1
376,1633,-1
377,380,1
377,388,1
377,389,1
377,1275,-1
377,1421,-1
377,2035,-1
378,385,1
378,470,-1
379,380,1
379,389,1
379,418,-1
379,562,-1
379,1664,-1
379,1867,-1
379,2095,-1
381,386,1
381,970,-1
381,1370,-1
383,387,1
384,1894,-1
384,2131,-1
385,558,-1
385,2401,-1
385,2992,-1
386,2318,-1
386,2489,-1
387,1201,-1
388,539,-1
389,1350,-1
390,404,1
390,405,1
390,1390,-1
391,404,1
391,575,-1
392,403,1
392,1239,-1
393,395,1
393,396,1
393,416,1
393,1024,-1
394,397,1
394,398,1
394,400,1
394,403,1
394,418,1
394,480,-1
395,400,1
395,410,1
396,413,1
396,419,-1
396,767,-1
396,2863,-1
397,413,1
397,419,1
398,2251,-1
399,400,1
399,404,1
399,411,1
400,406,1
400,412,1
400,417,1
400,418,1
400,1161,-1
401,409,1
401,417,1
401,2294,-1
401,2854,-1
402,405,1
402,414,1
402,708,-1
403,418,1
403,1348,-1
403,1790,-1
403,1924,-1
404,405,1
404,409,1
404,412,1
404,458,-1
404,2050,-1
404,2639,-1
405,409,1
405,411,1
405,419,1
405,2690,-1
406,409,1
406,413,1
406,2287,-1
407,408,1
407,409,1
407,412,1
407,418,1
408,1030,-1
408,2913,-1
409,413,1
409,419,1
409,481,-1
409,2210,-1
410,1810,-1
412,416,1
412,1331,-1
412,2220,-1
413,415,1
413,2798,1
414,785,-1
415,1173,-1
415,2664,-1
417,2084,-1
419,534,-1
419,1920,-1
420,444,1
420,447,1
420,2165,-1
421,437,1
421,2382,-1
422,425,1
422,426,1
422,447,1
422,460,-1
422,1337,-1
423,428,1
423,438,1
423,445,1
423,1791,-1
423,1873,-1
423,2559,-1
423,2571,-1
424,428,1
424,875,-1
424,1313,-1
425,426,1
425,429,1
425,442,1
425,443,1
426,431,1
426,444,1
426,446,1
426,983,-1
427,437,1
427,441,1
428,434,1
428,2098,-1
429,430,1
429,432,1
429,438,1
429,892,-1
430,434,1
430,445,1
430,2184,-1
431,444,1
431,2536,-1
432,438,1
433,436,1
433,812,-1
433,1097,-1
433,1390,-1
433,1955,-1
433,2529,-1
434,1779,-1
434,2480,-1
435,436,1
435,445,1
435,447,1
435,473,-1
436,443,1
436,445,1
436,2419,-1
436,2969,-1
437,448,1
437,1779,-1
438,439,1
438,946,-1
439,441,1
439,1007,-1
440,441,1
440,449,1
440,607,-1
440,2207,-1
440,2911,-1
441,447,1
441,449,1
442,443,1
442,448,1
442,633,-1
442,2358,-1
443,444,1
443,856,-1
444,1127,-1
444,2359,-1
445,1770,-1
445,1903,-1
445,2267,-1
446,2167,-1
447,2249,-1
448,1299,-1
448,1925,-1
449,807,-1
450,462,1
450,468,1
450,470,1
451,466,1
451,475,1
452,462,1
452,2697,-1
453,472,1
454,456,1
454,469,1
454,733,-1
455,465,1
455,468,1
455,537,-1
455,951,-1
455,2512,-1
455,2754,-1
456,474,1
456,479,-1
457,463,1
458,460,1
459,474,1
459,478,1
459,1346,-1
459,1412,-1
460,472,1
460,478,1
460,777,-1
460,2972,-1
461,468,-1
462,841,-1
462,2758,-1
463,477,1
464,467,1
464,1950,-1
465,473,1
465,2410,-1
465,2994,-1
466,1102,-1
466,1743,-1
467,1343,-1
467,2419,-1
468,469,1
468,1838,-1
468,2364,-1
469,478,-1
470,474,1
470,476,1
470,1074,-1
470,1118,-1
470,1443,-1
470,2386,-1
471,472,1
471,2902,1
472,665,-1
472,1890,-1
473,474,1
473,900,-1
473,1446,-1
474,1036,-1
474,1991,-1
475,1091,-1
475,2811,-1
475,2961,-1
476,1009,-1
477,1240,-1
477,2760,-1
479,1262,-1
480,486,1
480,496,1
480,499,1
480,954,-1
481,501,1
482,487,1
482,488,1
482,491,1
482,492,1
482,2256,-1
482,2461,-1
483,486,1
483,503,1
483,507,1
483,1002,-1
484,486,1
485,487,1
485,513,-1
485,2209,-1
485,2296,-1
486,489,1
486,493,1
486,506,1
487,1376,-1
487,1797,-1
489,1316,-1
489,1837,-1
490,504,1
490,560,-1
490,1652,-1
492,500,1
492,508,1
492,1205,1
493,974,-1
494,500,1
494,946,-1
495,507,1
496,497,1
496,2499,-1
496,2581,-1
498,502,1
498,504,1
500,501,1
500,505,1
501,508,1
503,1342,-1
503,2747,-1
506,1240,-1
506,1773,-1
507,509,1
508,1351,-1
509,2926,-1
510,514,1
510,521,1
510,529,1
511,524,1
511,1102,-1
512,539,1
512,1905,-1
512,1977,-1
513,517,1
513,526,1
513,1684,-1
514,2053,-1
515,520,1
515,523,1
515,532,1
515,537,1
515,581,-1
515,826,-1
515,2278,-1
515,2759,-1
516,534,1
516,1213,-1
517,522,1
517,538,1
518,525,1
518,1167,-1
519,535,1
519,536,1
519,2291,-1
520,1161,-1
520,2358,-1
521,1844,-1
521,2907,-1
521,2982,-1
523,524,1
523,789,-1
524,527,1
524,529,1
524,530,1
524,539,1
524,1632,-1
524,1978,-1
524,2500,-1
524,2577,-1
525,528,1
525,539,1
527,858,-1
528,531,1
528,2203,-1
528,2314,-1
528,2713,-1
529,1062,-1
531,536,1
531,2318,-1
532,533,1
533,612,-1
533,682,-1
536,1421,-1
536,2542,-1
536,2991,-1
537,665,-1
537,1597,-1
538,2984,-1
540,556,1
540,558,1
540,578,-1
540,2437,-1
541,554,1
541,1230,-1
541,1467,-1
542,543,1
542,550,1
542,551,1
542,561,1
542,569,1
542,1854,-1
543,2474,-1
544,567,1
544,1727,-1
544,1884,-1
545,560,1
545,1046,-1
545,1210,-1
545,2472,-1
546,555,1
546,2193,-1
547,563,1
547,2018,-1
548,565,1
548,722,-1
549,565,1
550,1209,-1
551,555,1
551,559,1
551,1474,-1
552,564,-1
552,1950,-1
552,2185,-1
553,568,1
553,2204,-1
554,559,1
554,563,1
554,621,-1
554,2935,-1
555,638,-1
555,907,-1
555,1078,-1
555,2365,-1
556,566,1
556,1905,-1
556,2526,-1
557,559,1
557,1055,-1
557,1425,-1
557,2911,-1
558,842,-1
559,643,-1
559,1875,-1
560,729,-1
560,949,-1
560,2220,-1
561,779,-1
561,993,-1
561,1440,-1
562,569,1
563,1979,-1
563,2845,-1
564,1163,-1
564,2574,-1
565,731,-1
565,1860,-1
566,2938,-1
568,1051,-1
569,664,-1
569,812,-1
570,575,1
570,583,1
570,599,1
570,1568,-1
571,573,1
571,588,1
572,594,1
572,2789,-1
573,892,-1
574,579,1
574,581,1
574,592,1
574,1121,-1
574,2987,-1
575,580,1
575,592,1
575,1076,-1
575,2217,-1
576,594,1
576,596,1
577,578,1
577,2043,-1
578,592,1
578,595,1
579,582,1
579,2862,-1
580,587,1
580,593,1
580,909,-1
580,2434,-1
581,598,1
582,1618,-1
582,2491,-1
583,2386,-1
583,2627,-1
584,592,1
584,2017,-1
585,591,1
585,1017,-1
585,1991,-1
586,590,1
586,597,1
587,592,1
587,913,-1
587,1084,-1
587,1184,-1
587,1374,-1
587,1377,-1
588,595,1
588,1482,-1
588,2179,-1
588,2749,-1
589,591,1
589,1163,-1
589,2082,-1
589,2097,-1
590,2403,-1
591,2352,-1
592,2065,-1
592,2366,-1
593,598,1
593,1112,-1
595,2751,-1
596,899,-1
596,1407,-1
596,1507,-1
596,1538,-1
596,1547,-1
596,2609,1
597,2224,-1
598,2861,-1
599,1039,-1
600,618,1
600,623,1
600,922,-1
601,614,1
601,619,1
601,2763,-1
602,603,1
602,605,1
602,1475,-1
602,2553,-1
603,606,1
603,2161,-1
604,617,1
605,621,1
605,625,1
605,657,-1
605,2319,-1
606,607,1
606,748,-1
606,923,-1
606,1375,-1
606,2163,-1
607,616,1
607,800,-1
607,2364,-1
608,624,1
609,629,1
610,617,1
610,2415,-1
611,614,1
611,627,1
611,936,-1
611,1616,-1
612,622,1
612,1536,-1
613,620,1
613,621,1
615,622,1
615,1235,-1
615,1740,-1
616,629,1
616,784,-1
616,1766,-1
617,1227,-1
617,2455,-1
617,2639,-1
618,2628,-1
619,628,1
619,1311,-1
620,1892,-1
621,623,1
623,626,1
624,1768,-1
625,775,-1
625,1364,-1
625,1725,-1
625,2844,-1
625,2884,-1
626,1403,-1
627,2263,-1
628,1695,-1
629,1078,-1
630,640,1
630,646,1
630,650,1
630,1887,-1
630,2158,-1
631,648,1
631,1088,-1
632,635,1
632,658,1
632,2073,-1
633,638,1
633,656,1
633,1961,-1
634,639,1
634,642,1
634,644,1
635,646,1
635,649,1
635,655,1
635,659,1
635,1053,-1
636,651,1
636,656,1
637,654,-1
638,857,-1
638,2816,-1
639,642,-1
639,649,-1
639,1691,-1
640,1378,-1
641,646,1
641,1755,-1
641,2057,-1
641,2162,-1
642,651,1
642,2884,-1
643,657,1
643,659,1
643,1628,-1
643,2888,-1
644,939,-1
645,659,1
646,758,-1
646,1003,-1
647,652,1
647,1983,-1
649,652,1
649,653,1
651,659,1
653,1397,-1
653,2532,-1
654,657,1
654,659,1
655,2705,-1
655,2758,-1
656,2508,-1
656,2798,-1
657,1239,-1
657,2199,-1
657,2436,-1
657,2682,-1
658,1043,-1
658,1608,-1
658,2153,-1
659,1380,-1
659,2095,-1
659,2479,-1
660,665,1
660,679,1
660,2406,-1
661,677,1
661,1094,-1
661,1229,1
661,2153,-1
661,2897,-1
662,671,1
662,686,1
663,666,1
664,668,1
664,1129,-1
665,670,1
665,1806,-1
665,2933,-1
666,2354,-1
667,682,1
667,683,1
667,1046,1
667,1990,-1
667,2985,-1
668,684,1
668,687,1
668,770,-1
669,673,1
669,688,1
669,720,-1
669,2510,-1
670,678,1
670,681,-1
670,689,1
671,1980,-1
672,674,1
672,675,1
672,685,1
672,1420,-1
673,2986,-1
674,680,1
674,1032,-1
676,683,1
676,1843,-1
678,2469,-1
679,1503,-1
680,687,1
680,696,1
680,1887,-1
683,1197,-1
683,2074,-1
683,2865,-1
685,1450,-1
685,2673,-1
686,910,-1
687,2873,-1
689,885,-1
690,691,1
690,1932,-1
691,718,1
692,696,1
692,704,1
692,710,1
693,694,1
693,695,1
693,820,-1
694,2281,-1
695,699,1
695,701,1
695,717,1
695,865,-1
697,711,1
697,714,1
697,772,-1
698,703,1
698,715,1
698,1619,-1
699,712,1
700,705,1
700,706,1
700,718,1
700,2161,-1
702,715,1
702,719,1
704,714,1
705,706,1
705,1496,-1
705,1910,-1
706,709,1
706,714,1
707,718,1
708,714,1
709,715,1
709,1047,-1
709,1633,-1
711,2678,-1
711,2827,-1
711,2989,-1
712,713,1
712,714,1
712,964,-1
713,716,1
713,718,1
713,1726,-1
713,2255,-1
713,2809,-1
716,864,-1
716,1255,-1
716,1282,-1
716,2653,-1
718,2193,-1
718,2837,-1
719,1797,-1
720,729,1
720,1053,-1
721,723,1
721,749,1
722,740,1
724,735,1
724,769,-1
724,1949,-1
725,735,1
725,737,1
725,743,1
725,748,1
725,1788,-1
725,2606,-1
726,745,-1
726,1170,-1
727,731,1
727,1100,-1
727,2158,-1
728,741,1
728,1084,-1
730,737,1
731,744,1
731,1280,-1
731,2522,-1
732,737,1
732,739,1
732,2938,-1
733,736,1
733,785,-1
733,819,-1
733,2348,-1
734,746,1
734,2470,-1
734,2860,-1
735,745,1
736,2933,-1
737,928,-1
738,742,1
738,748,1
738,1568,-1
739,2856,-1
740,747,1
741,2463,-1
742,745,1
743,819,-1
743,2220,-1
744,746,1
744,1161,-1
744,2898,-1
745,1982,-1
746,748,1
746,1500,-1
748,1485,1
748,1693,-1
749,1836,-1
749,2091,-1
750,764,1
751,763,1
751,1082,-1
751,1149,-1
751,1385,-1
751,1467,-1
752,761,1
753,757,1
753,764,1
753,776,-1
754,763,1
754,1518,-1
754,2359,-1
755,757,1
755,777,1
755,1052,-1
756,766,1
756,915,-1
757,760,1
757,779,1
757,2375,-1
757,2382,-1
757,2968,-1
758,778,1
758,2701,-1
759,763,1
759,2299,-1
759,2320,-1
760,768,1
760,1283,-1
761,766,1
761,769,1
761,771,1
761,1849,-1
762,765,1
762,830,-1
762,990,-1
762,1286,-1
763,775,1
763,1652,-1
763,2073,-1
764,767,1
764,1579,-1
765,2549,-1
766,1287,-1
770,774,1
771,778,1
771,1035,-1
771,2398,-1
772,773,1
772,1827,-1
774,778,1
774,1303,-1
774,1818,-1
774,2318,-1
775,2521,-1
776,1139,-1
777,1085,-1
780,785,1
780,789,1
780,799,1
780,802,1
780,1344,-1
780,2019,-1
780,2600,-1
780,2957,-1
781,790,1
781,1285,-1
782,789,1
782,806,1
783,797,1
783,2121,-1
783,2750,-1
784,809,1
784,1525,-1
784,1568,-1
784,2569,-1
785,793,1
785,799,-1
785,2605,-1
785,2977,-1
786,796,1
786,1299,1
786,1444,-1
787,795,1
787,1423,-1
787,1674,-1
787,2212,-1
788,790,1
788,2209,-1
790,1632,-1
791,793,1
791,795,1
791,1766,-1
792,804,1
793,798,1
794,803,1
794,808,1
794,1735,-1
794,2628,-1
795,807,1
796,801,1
797,806,1
797,807,1
797,935,-1
797,1179,-1
797,1285,-1
797,1611,-1
798,1072,-1
798,1330,1
798,1775,-1
798,2397,-1
798,2846,-1
799,800,1
799,805,1
799,1555,-1
799,2422,-1
800,1329,-1
801,2562,-1
802,1981,-1
802,2077,-1
803,807,1
803,808,1
804,1210,-1
806,809,1
807,1645,-1
810,812,1
810,815,1
810,833,1
810,1893,-1
811,814,1
811,833,1
811,1420,-1
812,820,1
812,833,1
813,829,1
813,2387,-1
814,827,1
814,829,-1
815,2275,-1
816,832,1
817,833,1
817,837,1
818,820,1
818,2422,-1
819,821,1
819,822,1
819,823,1
819,836,1
819,848,-1
819,1264,-1
819,1904,-1
819,2728,-1
821,830,1
821,835,1
822,825,1
823,947,-1
823,2576,-1
823,2936,-1
824,828,1
824,1161,-1
825,1810,-1
826,839,1
826,2012,-1
828,834,1
828,959,-1
828,1027,-1
828,2186,-1
829,831,1
829,1682,-1
830,1982,-1
830,2263,-1
831,838,1
831,1509,-1
831,1748,-1
831,2465,-1
832,836,1
833,2344,-1
833,2846,-1
834,837,1
835,1330,-1
837,1513,-1
837,2582,-1
838,1122,1
839,2153,-1
840,842,1
840,851,1
840,2440,-1
841,865,1
841,2446,-1
842,866,1
843,848,1
844,846,1
844,854,1
844,866,1
844,868,1
845,853,1
845,865,1
845,2323,-1
846,978,-1
847,854,1
847,953,-1
847,2484,-1
848,1742,-1
848,2502,-1
849,859,1
849,868,1
849,2388,-1
850,861,1
850,1054,-1
850,1861,-1
850,2846,-1
851,1063,-1
852,854,1
852,867,1
852,1197,-1
853,858,1
853,862,1
853,863,1
853,1820,-1
853,2821,-1
854,860,1
854,1122,-1
854,2122,-1
854,2942,-1
855,859,1
855,1084,-1
855,1630,-1
855,1700,-1
855,1722,-1
856,861,1
856,1498,-1
857,863,1
858,1872,-1
859,1168,-1
859,2913,-1
861,1314,-1
861,2151,-1
861,2476,-1
862,1658,-1
864,869,1
864,1163,-1
864,1174,-1
864,1965,-1
866,2043,-1
867,1030,-1
868,1597,-1
869,2386,-1
870,879,1
870,892,1
870,1902,-1
870,2529,-1
871,886,1
871,896,1
871,1331,-1
871,1923,-1
872,876,1
872,880,1
872,883,1
872,1480,-1
873,885,1
873,894,1
874,875,1
874,1149,-1
874,1315,-1
874,2659,-1
875,1414,-1
877,894,1
878,886,1
878,897,1
880,1629,-1
880,2156,-1
881,883,1
882,884,1
883,2627,-1
884,887,-1
884,890,1
884,891,1
884,892,1
885,888,1
885,894,-1
885,1063,1
886,1160,-1
886,1590,-1
887,2262,-1
887,2661,-1
888,1255,-1
888,2381,-1
889,892,1
889,2493,-1
890,2592,-1
891,1726,-1
892,893,1
892,2115,-1
892,2454,-1
893,898,1
893,2582,-1
895,899,1
895,1514,-1
895,2349,-1
896,1157,-1
897,1911,-1
898,1370,-1
899,1507,-1
899,2196,-1
900,1994,-1
900,2216,-1
901,2001,-1
905,2204,-1
906,1060,-1
906,1303,-1
908,1511,-1
909,2121,-1
911,2479,-1
913,1650,-1
916,2473,-1
918,1481,-1
921,976,-1
921,1176,-1
921,2174,-1
924,1372,-1
924,1557,-1
929,1695,-1
929,2619,-1
930,975,-1
931,2366,-1
934,1509,-1
934,1693,-1
935,1592,-1
936,1879,-1
936,2946,-1
938,1645,-1
938,1877,-1
938,2582,-1
940,1433,-1
940,2832,1
941,2373,-1
946,2843,-1
949,2814,-1
950,1929,-1
951,1729,-1
951,2576,-1
953,1715,-1
953,2769,-1
954,1750,-1
956,2134,-1
957,1622,-1
958,1341,-1
958,2769,-1
960,1117,-1
961,1668,-1
963,2662,-1
964,2020,-1
965,1655,-1
966,1657,-1
968,2357,-1
969,1085,-1
972,1597,-1
973,1137,-1
973,1145,-1
974,1612,-1
974,2981,-1
975,1139,-1
975,1144,-1
977,1604,-1
977,1836,-1
977,2429,-1
977,2640,-1
979,1628,-1
981,2242,-1
983,1386,-1
984,1644,-1
985,2791,-1
986,2291,-1
986,2570,-1
986,2652,-1
986,2657,-1
987,1848,-1
988,1049,-1
990,2359,-1
992,2986,-1
994,1236,-1
995,2551,-1
997,1496,-1
1002,2676,-1
1005,2065,-1
1006,1161,-1
1006,1506,-1
1006,1507,-1
1007,2178,-1
1008,2406,-1
1009,2747,-1
1010,1863,-1
1010,2263,-1
1013,1104,-1
1013,2408,-1
1014,1907,-1
1015,2604,-1
1016,2125,-1
1017,2594,-1
1018,2350,-1
1019,1923,-1
1022,2483,-1
1023,1710,-1
1023,2952,-1
1024,1339,-1
1026,1701,-1
1026,2104,-1
1027,2550,-1
1028,2074,-1
1029,2610,-1
1030,1155,-1
1032,2255,-1
1035,1550,-1
1038,2002,-1
1040,1098,-1
1041,1710,-1
1044,1667,-1
1044,1830,-1
1047,2492,-1
1048,1082,-1
1049,2483,-1
1051,1426,-1
1052,2417,-1
1053,2568,-1
1054,2811,-1
1055,1496,-1
1058,2053,-1
1059,1757,-1
1061,2502,-1
1062,2650,-1
1062,2863,-1
1063,1127,-1
1067,2470,-1
1069,2645,-1
1069,2884,-1
1070,1180,-1
1072,1778,-1
1072,2429,-1
1073,2468,-1
1074,1599,-1
1078,1357,-1
1078,2767,-1
1078,2859,-1
1080,1550,-1
1080,2760,-1
1081,2410,-1
1086,1522,-1
1086,2310,-1
1088,1351,-1
1089,1249,-1
1089,1805,-1
1089,1922,-1
1091,1647,-1
1091,2300,-1
1092,1184,-1
1092,1852,-1
1092,2269,-1
1093,1498,-1
1094,1904,-1
1096,2510,-1
1097,2958,-1
1099,1761,-1
1100,1853,-1
1103,2294,-1
1106,2673,-1
1108,1848,-1
1108,2261,-1
1112,2935,-1
1113,1603,-1
1114,2713,-1
1115,2733,-1
1116,1168,-1
1118,2855,-1
1120,2723,-1
1122,1795,-1
1123,2591,-1
1124,1162,-1
1124,2121,-1
1124,2157,-1
1126,1749,-1
1126,2451,-1
1126,2846,-1
1127,2191,-1
1133,1394,-1
1135,2056,-1
1136,1310,-1
1136,2201,-1
1138,2483,-1
1139,2640,-1
1140,2722,-1
1141,1336,-1
1144,1745,-1
1144,1891,-1
1145,1585,-1
1145,2895,-1
1146,2938,-1
1147,1743,-1
1147,2196,-1
1147,2248,-1
1147,2332,-1
1147,2803,1
1150,2435,-1
1151,1803,-1
1152,1188,-1
1152,1675,-1
1153,2705,-1
1155,1436,-1
1156,1321,-1
1157,2361,-1
1158,1864,1
1160,2623,-1
1161,2254,-1
1162,2928,-1
1164,1433,-1
1166,2979,1
1168,1264,-1
1168,1508,-1
1169,1446,-1
1169,2568,-1
1170,1704,-1
1171,1659,-1
1172,2218,-1
1172,2645,-1
1172,2846,-1
1173,1747,-1
1176,1854,-1
1176,1906,-1
1177,1361,-1
1178,2709,-1
1180,1346,-1
1180,1969,-1
1180,2262,-1
1181,1752,-1
1182,1550,-1
1182,2525,-1
1182,2956,-1
1184,2202,1
1189,2185,-1
1190,2812,-1
1191,1637,-1
1194,1474,-1
1196,1587,-1
1196,1673,-1
1199,2027,-1
1200,1882,-1
1201,2862,-1
1205,1656,-1
1205,2549,-1
1206,1435,-1
1206,2042,-1
1206,2965,-1
1208,1521,-1
1208,1616,-1
1209,1392,-1
1210,2302,-1
1211,2350,-1
1212,1995,-1
1213,1524,-1
1213,1633,-1
1214,2151,-1
1214,2638,-1
1218,2186,-1
1218,2634,-1
1219,1238,-1
1219,1366,-1
1221,1348,-1
1221,2692,-1
1224,1312,-1
1227,1950,-1
1229,1849,-1
1231,1575,1
1232,1452,-1
1234,2024,-1
1235,1808,-1
1236,2408,-1
1237,1741,-1
1240,2618,-1
1245,1526,-1
1247,1605,1
1248,2649,-1
1248,2660,-1
1249,1942,-1
1249,2027,-1
1249,2468,-1
1250,2551,-1
1252,2780,-1
1253,2372,-1
1254,2711,-1
1255,1545,-1
1256,1314,-1
1256,2907,-1
1258,1720,-1
1259,1721,-1
1259,2027,-1
1260,1363,-1
1262,2790,-1
1263,1325,-1
1263,1369,-1
1263,2904,-1
1265,1638,-1
1265,1865,-1
1265,2722,-1
1266,1616,-1
1266,2717,-1
1266,2990,-1
1267,2600,-1
1268,2781,-1
1269,2414,-1
1271,1330,-1
1271,2687,-1
1273,2112,-1
1273,2417,-1
1274,1926,-1
1276,1327,-1
1276,1976,-1
1276,2116,-1
1278,1648,-1
1280,2140,-1
1281,2608,-1
1283,2145,-1
1285,1379,-1
1285,1768,-1
1285,2501,-1
1288,1590,-1
1288,1655,-1
1289,1609,-1
1290,1658,-1
1292,1749,-1
1293,2890,-1
1294,2624,-1
1295,2568,-1
1298,1933,-1
1299,2460,-1
1301,2680,-1
1305,1675,-1
1305,2487,-1
1306,1550,-1
1307,1906,-1
1308,2633,1
1309,2340,-1
1314,2562,-1
1314,2894,-1
1316,1793,-1
1317,1737,-1
1317,2033,-1
1318,2572,-1
1319,1391,-1
1322,1851,-1
1323,1471,-1
1324,1369,-1
1324,2021,-1
1325,2433,-1
1328,2240,-1
1329,2759,-1
1330,1570,-1
1331,1877,-1
1336,2739,-1
1337,2120,-1
1338,1554,-1
1343,2860,-1
1343,2938,-1
1345,2823,-1
1347,1582,-1
1348,2175,-1
1349,2028,-1
1349,2707,-1
1349,2800,-1
1349,2990,-1
1350,2750,-1
1352,2690,-1
1353,1472,-1
1355,2234,-1
1356,2097,-1
1356,2730,-1
1361,1390,-1
1361,2389,-1
1361,2542,-1
1364,2107,-1
1368,1542,-1
1369,2419,-1
1374,1512,-1
1377,1620,-1
1379,1693,-1
1380,1696,-1
1383,2078,-1
1383,2704,-1
1385,1644,-1
1386,2775,-1
1387,1444,-1
1388,2788,-1
1389,2623,-1
1389,2830,-1
1390,1569,-1
1390,1784,-1
1390,1817,-1
1390,1883,-1
1392,1453,-1
1392,2610,-1
1393,1568,-1
1393,2220,-1
1394,1540,-1
1394,2200,-1
1397,2005,-1
1397,2065,-1
1400,2819,-1
1401,2982,-1
1403,1534,-1
1403,1743,-1
1403,2266,-1
1405,2140,-1
1407,1501,-1
1407,1956,-1
1407,2482,-1
1409,1936,-1
1411,1918,-1
1411,2300,-1
1411,2892,-1
1413,2208,-1
1417,1476,-1
1418,2091,-1
1418,2927,-1
1421,1774,-1
1422,1776,-1
1422,2966,-1
1423,2475,-1
1425,1511,-1
1425,2596,-1
1428,1444,-1
1428,2662,-1
1430,1717,-1
1430,1727,-1
1430,1963,-1
1431,2135,-1
1431,2366,-1
1433,2286,-1
1433,2460,-1
1434,1911,-1
1434,2018,-1
1434,2731,-1
1436,1454,-1
1436,1987,-1
1438,2708,-1
1440,1474,-1
1440,1913,-1
1440,2354,-1
1442,2468,-1
1442,2765,-1
1445,2095,-1
1445,2714,-1
1446,1922,-1
1447,1580,-1
1448,1624,-1
1448,2060,-1
1449,2116,-1
1450,1599,-1
1451,1752,-1
1451,1927,-1
1453,1504,-1
1453,2830,-1
1456,2555,-1
1456,2861,-1
1459,2146,-1
1461,2043,-1
1463,2926,-1
1465,1634,-1
1465,2566,-1
1466,2925,-1
1467,2560,-1
1472,2735,-1
1473,2385,-1
1473,2626,-1
1474,2087,-1
1476,2102,-1
1476,2455,-1
1477,2108,-1
1477,2795,-1
1477,2979,-1
1479,2015,-1
1481,1676,-1
1481,1872,-1
1484,2412,-1
1486,2580,-1
1487,2787,-1
1489,2626,-1
1490,2468,-1
1490,2712,-1
1491,2752,-1
1492,1716,-1
1492,2273,-1
1493,1610,-1
1493,2747,-1
1494,2101,-1
1494,2368,-1
1496,1832,-1
1497,1685,-1
1497,2487,-1
1499,2856,-1
1500,1514,1
1500,1517,1
1500,1519,1
1500,1736,-1
1500,2091,-1
1501,1504,1
1501,1505,1
1501,1510,1
1501,1518,1
1501,2426,-1
1502,1503,1
1502,1506,1
1502,1516,1
1502,1867,-1
1503,1504,1
1503,1508,1
1503,2382,-1
1505,1507,1
1505,1508,1
1506,1512,1
1508,1516,1
1508,1517,1
1508,2233,-1
1508,2289,-1
1509,1512,1
1510,1517,1
1510,2147,-1
1511,1515,1
1511,1863,-1
1512,1519,1
1513,1516,1
1513,1518,1
1513,1519,1
1514,1861,-1
1514,2641,-1
1515,1518,1
1517,1836,-1
1522,2267,-1
1523,1993,-1
1523,2975,-1
1524,2710,-1
1524,2979,-1
1526,2538,-1
1526,2902,-1
1527,2925,-1
1528,2903,-1
1530,1537,1
1530,1539,1
1530,1543,1
1530,1545,1
1530,1547,1
1530,2013,-1
1531,1546,1
1531,1677,-1
1531,2382,1
1532,1539,1
1533,1537,1
1533,1540,1
1533,1549,1
1534,1541,1
1534,1543,1
1534,1545,1
1534,1548,1
1535,1538,1
1535,1542,1
1535,1546,1
1535,2733,-1
1536,1542,1
1536,1548,1
1537,2704,1
1538,1547,1
1539,2280,-1
1540,1549,1
1541,1548,1
1541,1861,-1
1542,2261,-1
1543,1544,1
1543,1547,1
1545,1549,1
1546,1547,1
1547,1549,1
1548,2381,-1
1549,2690,-1
1551,1844,-1
1551,2276,-1
1552,1947,-1
1555,1692,1
1555,2276,-1
1555,2572,1
1557,1909,-1
1557,2135,-1
1559,1653,-1
1559,2027,-1
1560,1561,1
1560,1576,1
1560,1579,1
1560,1983,-1
1560,2652,-1
1560,2833,-1
1561,1570,1
1561,1573,1
1561,1574,1
1561,1578,1
1561,2148,-1
1562,1566,1
1562,1570,1
1562,1573,1
1563,1576,1
1563,1577,1
1563,1578,1
1563,1663,-1
1564,1567,1
1564,1571,1
1564,1576,1
1564,1577,1
1564,2811,1
1565,1566,1
1565,1567,1
1566,1567,1
1566,1572,1
1566,1576,1
1566,1579,1
1567,1574,1
1567,1579,1
1567,1877,-1
1568,1569,1
1568,1573,1
1568,2390,-1
1568,2611,-1
1569,1577,1
1569,2103,1
1569,2349,-1
1569,2430,-1
1569,2609,-1
1570,2976,-1
1571,1578,1
1571,1725,-1
1572,1574,1
1572,1576,1
1572,1578,-1
1573,1574,1
1573,1575,1
1573,1578,1
1573,2433,-1
1574,1576,1
1574,1577,1
1575,1577,1
1575,1753,-1
1578,1770,-1
1580,1955,-1
1583,2379,-1
1584,2153,-1
1584,2259,-1
1584,2451,-1
1585,2063,-1
1585,2068,-1
1586,2059,-1
1588,2556,-1
1588,2773,-1
1589,2342,-1
1589,2673,-1
1590,1594,1
1590,2730,-1
1591,1599,1
1591,1606,1
1591,1891,-1
1591,2455,-1
1592,1601,1
1592,1605,1
1592,1608,1
1593,1595,1
1593,1597,1
1593,1598,1
1593,1700,-1
1594,1595,1
1594,1603,1
1595,1607,1
1596,1597,1
1596,1601,1
1596,1604,1
1596,2358,-1
1596,2502,-1
1597,1598,1
1597,1602,1
1598,1601,1
1598,1603,1
1598,1605,1
1599,1602,1
1599,1607,1
1599,2125,-1
1599,2779,-1
1600,1601,1
1601,2410,-1
1602,1603,1
1602,1607,1
1602,2942,-1
1603,2610,-1
1604,1608,1
1604,2142,-1
1604,2180,-1
1604,2681,-1
1606,1608,1
1606,1609,1
1606,2394,-1
1607,1608,1
1607,2211,-1
1608,2156,-1
1608,2487,-1
1609,2188,-1
1612,2736,-1
1614,1714,-1
1614,1887,-1
1616,2781,-1
1617,2244,-1
1617,2928,-1
1618,2060,-1
1618,2267,-1
1620,1623,1
1620,1627,1
1620,1630,1
1620,1631,1
1620,2841,-1
1621,1624,1
1621,1632,1
1621,2417,-1
1622,1625,1
1622,1627,1
1622,1628,1
1622,1633,1
1622,1824,-1
1623,1630,1
1624,1625,1
1624,1626,1
1624,1630,1
1624,1632,1
1624,1639,1
1624,1757,-1
1624,2895,-1
1625,1627,1
1625,1637,1
1626,1631,1
1626,1634,1
1626,1930,-1
1626,1950,-1
1627,1637,1
1628,1632,-1
1628,1634,1
1629,1632,1
1629,1634,1
1630,2555,-1
1631,1636,1
1631,1637,1
1631,1639,1
1631,2495,-1
1633,1690,-1
1633,2612,-1
1633,2770,-1
1634,2987,-1
1635,1638,1
1636,1753,-1
1636,2766,-1
1637,1639,1
1638,2759,-1
1643,1908,-1
1644,1826,-1
1644,1945,-1
1650,1660,1
1650,1664,1
1650,1666,-1
1651,1654,1
1651,1657,1
1651,2871,-1
1652,1656,1
1652,1665,1
1652,1667,1
1653,1657,1
1653,1658,1
1653,1659,1
1653,1660,1
1653,1668,1
1653,2359,-1
1654,1655,-1
1654,1656,1
1655,1657,1
1655,1663,1
1655,1664,1
1655,1668,1
1656,1657,1
1656,1666,1
1656,1669,1
1656,2960,-1
1657,1664,1
1657,1666,1
1657,2855,-1
1658,1659,-1
1658,1660,1
1658,1839,-1
1659,1668,-1
1660,1664,1
1660,1666,1
1660,1668,1
1661,1663,1
1661,1666,1
1661,2059,-1
1662,1667,1
1662,2802,-1
1662,2866,-1
1663,2109,-1
1664,2634,-1
1664,2715,-1
1666,1994,-1
1667,1669,1
1669,2519,-1
1670,1854,-1
1673,2431,-1
1675,2882,-1
1678,2776,-1
1680,1684,1
1680,1688,1
1680,1694,1
1680,1697,1
1681,1687,1
1681,1688,1
1682,1687,1
1682,1698,1
1683,1695,1
1683,1699,1
1683,2674,-1
1684,1690,1
1684,1698,1
1685,1692,1
1685,1693,1
1685,1696,1
1685,1699,1
1686,1690,1
1687,1692,-1
1687,1858,-1
1688,1696,1
1688,1697,1
1688,2394,-1
1689,1692,1
1689,1842,-1
1690,1692,1
1690,1694,1
1690,1695,1
1690,2147,-1
1691,1697,1
1692,1698,1
1692,2129,-1
1693,1695,1
1693,1697,1
1693,1882,-1
1694,1697,1
1695,2974,-1
1697,2159,-1
1699,1777,-1
1699,2890,-1
1700,1905,-1
1700,1924,-1
1700,2459,-1
1700,2683,-1
1701,2876,-1
1705,2114,-1
1705,2192,-1
1705,2436,-1
1705,2734,-1
1706,2240,1
1707,2275,-1
1708,2390,-1
1708,2537,-1
1710,1713,1
1710,1720,1
1710,1722,1
1710,1724,1
1711,1712,1
1711,1715,1
1711,1720,1
1711,2210,-1
1711,2564,-1
1712,1713,1
1712,1720,1
1712,2437,-1
1713,1721,1
1713,1725,1
1714,1717,1
1714,1722,1
1714,1727,1
1714,1887,1
1715,1717,1
1715,1724,1
1716,1718,1
1716,1722,1
1716,1723,1
1716,1724,1
1717,1721,1
1717,1725,1
1718,1719,1
1718,1724,1
1718,2985,-1
1719,1728,1
1719,1729,1
1721,1724,1
1721,2092,-1
1722,1727,1
1723,1881,-1
1724,2607,-1
1725,1726,1
1726,1727,1
1726,1729,1
1727,1728,1
1729,2914,-1
1732,2180,-1
1732,2799,-1
1733,2088,-1
1733,2492,-1
1736,2926,-1
1740,1751,1
1740,2009,-1
1740,2525,-1
1741,1746,1
1741,1757,1
1742,1743,1
1742,1746,1
1743,1749,1
1743,1750,1
1743,1751,1
1743,1851,-1
1743,2933,-1
1744,1746,1
1744,1756,1
1744,1865,-1
1744,2296,-1
1745,1757,1
1746,1753,1
1746,2086,-1
1747,1752,1
1747,1754,1
1747,1757,1
1747,2819,-1
1748,1755,1
1748,2755,-1
1748,2910,-1
1749,1753,1
1749,1756,1
1749,1759,1
1750,1757,1
1750,2102,-1
1750,2168,-1
1751,1754,1
1751,1755,1
1751,1758,1
1751,1759,1
1752,1753,1
1752,1754,1
1753,2632,-1
1753,2728,-1
1754,2936,-1
1755,1757,1
1755,1759,1
1755,2355,-1
1755,2691,-1
1757,1758,1
1757,1759,1
1757,2711,-1
1757,2822,-1
1759,2870,-1
1760,2548,-1
1760,2553,-1
1760,2661,-1
1762,2993,-1
1763,1944,-1
1765,2350,-1
1765,2572,-1
1766,2190,-1
1767,1974,-1
1769,2858,-1
1770,1771,1
1770,1777,1
1770,1789,1
1770,2166,-1
1771,1773,1
1771,1783,1
1771,1787,1
1772,1774,1
1772,1775,1
1772,1784,1
1772,1786,1
1772,1899,-1
1773,1775,1
1773,1780,1
1773,1782,1
1774,1778,1
1774,1779,1
1774,1783,1
1774,1784,1
1775,1781,1
1775,1782,1
1776,1777,1
1776,1779,1
1776,1780,1
1776,1781,1
1776,1782,1
1777,1787,1
1777,2143,-1
1777,2538,-1
1778,1781,1
1780,1784,1
1781,1783,1
1781,1785,1
1782,2447,-1
1783,1788,1
1783,2069,-1
1785,2157,-1
1785,2345,-1
1785,2971,-1
1786,2574,-1
1789,2512,-1
1793,2061,-1
1795,2225,-1
1797,1827,-1
1798,2340,-1
1800,1802,1
1800,1810,1
1800,1816,1
1800,1819,1
1801,1806,-1
1801,1808,1
1801,1811,1
1801,2672,-1
1802,1804,1
1802,1807,1
1802,1814,1
1802,1819,1
1803,1806,1
1803,1808,1
1803,1817,1
1804,2126,-1
1805,1813,1
1805,2281,-1
1805,2570,-1
1805,2787,-1
1806,1808,1
1806,1816,1
1807,1809,1
1807,2145,-1
1809,1812,1
1810,1811,1
1810,1816,1
1810,2912,-1
1812,1814,1
1812,2334,-1
1813,1815,1
1813,1817,1
1813,1818,1
1814,1817,1
1814,2690,-1
1815,1912,-1
1815,1959,-1
1816,1819,1
1816,2091,-1
1816,2151,-1
1817,2107,-1
1820,2248,-1
1821,2128,-1
1824,2328,-1
1825,1847,-1
1825,2524,-1
1827,2746,-1
1828,2473,-1
1830,1832,1
1830,2712,-1
1831,1833,1
1831,2434,-1
1831,2580,-1
1832,1834,1
1832,1837,1
1832,1845,1
1832,2072,-1
1833,1844,1
1833,2626,-1
1834,1847,1
1834,1848,1
1834,1900,-1
1835,1836,1
1835,1838,1
1835,1847,1
1836,1841,1
1836,1847,1
1837,1842,1
1837,1849,1
1837,1960,-1
1837,2311,-1
1837,2508,-1
1837,2663,-1
1838,1841,1
1839,1842,1
1839,2038,-1
1840,1841,1
1840,1843,1
1841,1846,1
1841,2476,-1
1842,1843,-1
1842,2844,-1
1843,1848,1
1846,1847,1
1846,2770,-1
1848,2210,-1
1848,2434,-1
1850,2287,-1
1855,2426,-1
1857,2714,-1
1857,2892,-1
1860,1876,1
1861,1867,1
1861,1876,1
1861,2045,-1
1862,1869,1
1862,2858,-1
1863,1869,1
1863,1874,1
1864,1870,1
1864,1871,1
1864,1875,1
1864,1876,1
1865,1868,1
1865,1874,1
1865,2057,-1
1866,1872,1
1867,1869,1
1867,1871,1
1867,1873,1
1867,1876,1
1867,2094,-1
1868,1870,1
1868,2983,-1
1869,1870,1
1869,2848,1
1870,1871,1
1870,1873,1
1871,1875,1
1871,1878,1
1871,1879,1
1872,1878,1
1872,2809,-1
1872,2940,-1
1873,1874,1
1874,1877,1
1875,2948,-1
1878,2198,-1
1879,2098,-1
1880,2383,-1
1881,2461,-1
1882,2603,-1
1886,1935,-1
1886,2312,-1
1886,2774,-1
1887,2074,-1
1887,2300,-1
1887,2845,-1
1887,2997,-1
1890,1898,1
1890,1900,1
1890,2422,-1
1890,2478,-1
1890,2837,-1
1891,1892,1
1891,1905,1
1891,1906,1
1891,1909,1
1891,2271,-1
1892,1894,1
1893,1895,1
1893,1898,1
1893,1945,-1
1894,1897,1
1894,1904,1
1895,1898,1
1896,1897,1
1896,1899,1
1896,1902,1
1896,1903,1
1896,1904,1
1896,1907,1
1897,1904,1
1898,2199,-1
1898,2704,-1
1899,1901,1
1899,1908,1
1899,2051,-1
1899,2951,-1
1900,2268,-1
1900,2377,-1
1901,2668,-1
1902,1908,1
1902,2594,-1
1902,2746,-1
1905,2879,-1
1907,1908,1
1908,1909,1
1908,2801,-1
1911,2874,-1
1915,2870,-1
1919,2051,-1
1919,2470,-1
1920,1925,1
1920,1927,1
1920,1932,-1
1920,2188,-1
1921,1923,1
1921,1928,1
1921,1932,1
1922,1933,1
1923,1925,1
1923,1927,1
1924,1927,1
1924,1928,1
1925,1926,1
1925,1930,1
1926,1934,1
1926,2311,-1
1927,1936,1
1927,1939,1
1927,2801,-1
1927,2830,-1
1928,2187,-1
1928,2491,-1
1929,1939,1
1929,2705,-1
1930,1931,1
1930,1933,1
1931,1932,1
1931,1933,1
1931,1934,1
1931,1938,1
1931,1939,1
1931,2247,-1
1935,1937,1
1935,2120,-1
1936,2957,-1
1937,2983,-1
1941,2512,-1
1943,2298,1
1944,2147,-1
1945,2913,-1
1947,2553,-1
1950,1951,1
1950,2482,-1
1951,1953,1
1951,1955,1
1951,1958,1
1951,1961,1
1951,1968,1
1952,1955,1
1952,1957,1
1952,1964,1
1952,2066,-1
1953,1954,1
1953,1961,1
1953,1988,-1
1953,2023,-1
1954,1967,1
1954,1969,1
1954,2448,-1
1955,1965,1
1955,2062,-1
1956,1958,1
1956,2956,-1
1957,1959,1
1957,1961,1
1957,2913,-1
1958,1960,1
1958,2177,-1
1960,1962,1
1960,2060,-1
1960,2588,-1
1960,2763,-1
1961,1966,1
1961,1968,1
1961,2318,-1
1962,1963,1
1962,2910,-1
1963,2842,-1
1964,1967,1
1964,2970,-1
1965,1969,1
1965,2279,-1
1966,2157,-1
1967,2211,-1
1969,2050,-1
1969,2510,-1
1970,2387,-1
1972,2167,-1
1972,2345,-1
1973,2434,-1
1973,2812,-1
1976,2310,-1
1980,1982,1
1980,1986,1
1980,1987,1
1980,1997,1
1981,1993,1
1982,1992,1
1983,1987,1
1983,1993,1
1983,1994,1
1983,1995,1
1984,1998,1
1985,1996,1
1986,1990,1
1986,1991,1
1986,2316,-1
1987,1993,1
1988,1995,1
1989,1991,1
1990,1994,1
1990,2911,-1
1995,1999,1
1996,1998,1
1997,1998,1
1999,2039,-1
2003,2210,-1
2003,2237,-1
2004,2986,-1
2005,2979,-1
2006,2697,-1
2006,2908,-1
2009,2532,-1
2010,2014,1
2010,2017,1
2010,2024,1
2010,2028,1
2010,2245,-1
2011,2024,1
2011,2028,1
2011,2741,-1
2011,2977,-1
2012,2014,1
2012,2015,1
2012,2018,1
2012,2023,1
2012,2025,1
2013,2025,1
2013,2729,-1
2014,2015,1
2014,2020,1
2014,2021,1
2014,2023,1
2014,2025,1
2014,2028,1
2015,2018,1
2015,2022,1
2015,2027,1
2016,2022,1
2016,2026,1
2016,2028,1
2017,2018,1
2017,2020,1
2017,2021,1
2018,2021,1
2018,2023,1
2018,2953,-1
2019,2025,1
2020,2021,1
2020,2027,1
2021,2023,1
2021,2025,1
2021,2026,1
2021,2129,-1
2021,2158,-1
2021,2291,-1
2021,2658,-1
2022,2029,1
2024,2686,-1
2024,2802,-1
2028,2756,-1
2029,2329,-1
2032,2348,-1
2032,2695,-1
2035,2831,-1
2038,2238,-1
2040,2041,1
2040,2043,1
2040,2059,1
2041,2047,1
2041,2050,1
2041,2051,1
2041,2055,1
2042,2050,1
2043,2052,1
2044,2055,1
2044,2056,1
2045,2047,1
2045,2057,1
2045,2059,1
2045,2185,-1
2046,2052,1
2046,2057,1
2046,2058,1
2047,2048,1
2048,2051,-1
2048,2058,1
2048,2118,-1
2049,2054,1
2049,2263,-1
2050,2058,1
2051,2056,1
2051,2057,1
2052,2056,1
2053,2054,1
2053,2055,1
2053,2056,1
2053,2057,1
2054,2055,1
2054,2268,-1
2056,2057,1
2057,2058,1
2059,2173,-1
2062,2865,-1
2065,2140,-1
2065,2593,-1
2066,2425,-1
2070,2072,1
2071,2076,1
2071,2084,1
2071,2087,1
2072,2078,1
2072,2079,1
2072,2083,1
2073,2078,1
2074,2081,1
2074,2135,-1
2075,2080,1
2075,2081,1
2076,2079,1
2076,2080,1
2076,2081,1
2076,2088,1
2076,2794,-1
2077,2078,1
2077,2079,1
2077,2081,1
2078,2079,1
2078,2084,1
2078,2088,1
2079,2084,1
2079,2361,-1
2080,2085,1
2081,2085,1
2081,2877,-1
2082,2086,1
2082,2088,1
2083,2084,1
2083,2087,1
2083,2089,1
2083,2945,-1
2084,2443,-1
2085,2088,1
2085,2091,-1
2086,2130,-1
2087,2727,-1
2089,2552,-1
2093,2173,-1
2095,2773,1
2096,2452,-1
2100,2106,1
2100,2116,1
2101,2103,1
2101,2108,-1
2101,2110,1
2101,2115,1
2101,2378,-1
2102,2106,-1
2102,2109,1
2102,2110,1
2102,2115,1
2102,2116,1
2102,2124,1
2102,2125,1
2102,2128,1
2103,2129,1
2104,2112,1
2104,2127,1
2105,2120,1
2105,2128,1
2106,2108,1
2106,2110,1
2106,2111,1
2106,2118,1
2106,2125,1
2106,2126,1
2107,2113,1
2107,2123,-1
2107,2129,1
2107,2853,-1
2108,2126,1
2109,2122,1
2109,2129,1
2110,2112,1
2110,2118,1
2110,2119,1
2110,2123,1
2110,2125,1
2111,2115,1
2111,2119,1
2111,2123,1
2112,2114,1
2112,2121,1
2112,2123,1
2112,2124,1
2113,2114,1
2113,2118,1
2115,2117,1
2115,2121,1
2115,2125,1
2115,2128,1
2116,2119,1
2116,2122,1
2116,2125,1
2117,2119,1
2117,2129,1
2118,2125,1
2118,2129,1
2118,2520,-1
2119,2128,1
2119,2573,-1
2119,2707,-1
2121,2126,1
2124,2126,1
2124,2181,-1
2124,2610,-1
2125,2126,1
2125,2128,1
2126,2127,1
2130,2133,1
2130,2137,1
2130,2145,1
2130,2737,-1
2131,2143,1
2131,2148,1
2131,2155,1
2132,2135,1
2132,2141,1
2132,2149,1
2132,2665,-1
2132,2881,-1
2133,2135,1
2133,2243,-1
2134,2151,1
2134,2158,1
2135,2139,1
2135,2144,1
2136,2142,1
2136,2146,1
2136,2147,1
2136,2148,1
2136,2157,1
2136,2158,1
2137,2139,1
2137,2152,1
2137,2264,-1
2138,2144,1
2138,2151,1
2139,2151,1
2139,2152,1
2140,2143,1
2140,2146,1
2140,2148,1
2140,2152,1
2140,2155,1
2140,2157,1
2141,2142,1
2141,2144,1
2141,2157,1
2142,2154,1
2143,2150,1
2143,2151,1
2143,2158,1
2144,2156,1
2144,2159,1
2145,2149,1
2145,2151,1
2145,2153,1
2146,2158,1
2146,2413,-1
2147,2153,1
2147,2158,1
2147,2808,-1
2148,2150,1
2148,2151,1
2148,2152,1
2148,2154,1
2148,2158,1
2149,2153,1
2150,2158,1
2150,2210,-1
2151,2153,1
2152,2153,1
2152,2213,-1
2154,2155,1
2154,2158,1
2155,2156,1
2155,2157,1
2155,2996,-1
2157,2633,-1
2158,2159,1
2160,2168,1
2160,2173,1
2160,2178,1
2160,2181,1
2160,2188,1
2161,2165,1
2161,2171,1
2161,2183,1
2161,2184,1
2161,2187,1
2162,2172,1
2163,2182,1
2163,2183,1
2164,2179,1
2164,2181,1
2164,2185,1
2165,2172,1
2165,2173,1
2165,2176,1
2165,2179,1
2166,2177,1
2166,2179,1
2166,2187,1
2166,2189,1
2167,2172,1
2167,2178,1
2167,2182,1
2167,2185,1
2167,2186,1
2168,2169,1
2168,2182,1
2168,2185,1
2169,2175,1
2169,2914,-1
2170,2171,1
2170,2174,1
2170,2178,1
2171,2175,1
2171,2181,1
2171,2182,1
2171,2185,1
2171,2187,1
2172,2179,1
2172,2182,1
2172,2186,1
2172,2188,1
2173,2186,1
2174,2178,1
2174,2187,1
2174,2188,1
2175,2189,1
2176,2179,1
2176,2180,1
2176,2181,1
2176,2184,1
2176,2186,1
2177,2188,1
2177,2748,-1
2178,2179,1
2178,2181,1
2178,2185,1
2178,2189,1
2178,2196,1
2178,2978,-1
2179,2181,-1
2179,2183,1
2180,2187,1
2180,2296,-1
2181,2183,1
2181,2188,1
2182,2183,1
2182,2184,1
2182,2185,1
2182,2189,1
2183,2184,1
2183,2188,1
2183,2189,1
2184,2187,1
2189,2338,-1
2190,2203,1
2191,2194,1
2191,2632,-1
2192,2194,1
2192,2195,1
2192,2202,1
2192,2209,1
2192,2216,1
2193,2196,1
2193,2201,1
2193,2203,1
2193,2207,1
2193,2212,1
2193,2214,1
2194,2195,1
2194,2196,1
2194,2197,1
2194,2199,1
2195,2200,1
2195,2217,-1
2195,2218,1
2195,2337,-1
2196,2198,1
2196,2206,1
2196,2208,1
2196,2210,1
2196,2212,1
2196,2213,1
2196,2214,1
2196,2231,-1
2197,2200,1
2197,2201,1
2197,2205,1
2197,2217,1
2197,2218,1
2197,2219,1
2198,2201,1
2198,2205,1
2198,2208,1
2198,2210,1
2198,2216,1
2198,2219,1
2198,2942,-1
2199,2200,1
2200,2202,1
2200,2211,1
2200,2213,1
2200,2219,1
2201,2209,1
2201,2212,1
2202,2206,1
2202,2208,1
2203,2205,1
2203,2215,1
2203,2688,-1
2204,2205,1
2204,2208,1
2205,2210,-1
2205,2614,-1
2206,2215,1
2207,2215,1
2207,2216,1
2207,2217,1
2208,2210,1
2208,2216,1
2208,2217,1
2209,2212,1
2209,2494,-1
2212,2810,-1
2213,2217,1
2213,2219,1
2218,2219,1
2218,2426,-1
2220,2231,1
2220,2235,1
2221,2225,1
2221,2227,1
2221,2232,1
2221,2236,1
2221,2237,1
2221,2242,1
2221,2244,1
2221,2248,1
2221,2848,-1
2222,2228,1
2223,2224,1
2223,2234,1
2223,2237,1
2223,2241,1
2223,2675,-1
2223,2919,-1
2224,2230,1
2224,2233,1
2224,2237,1
2224,2860,-1
2225,2229,1
2225,2237,1
2225,2240,1
2225,2241,1
2225,2249,1
2226,2236,1
2226,2238,1
2226,2239,1
2226,2241,1
2226,2245,1
2226,2249,1
2227,2233,1
2227,2242,1
2227,2296,-1
2228,2231,1
2228,2234,1
2228,2235,1
2228,2242,1
2229,2235,1
2229,2244,1
2229,2245,1
2230,2233,1
2230,2235,1
2230,2236,1
2230,2248,1
2231,2249,1
2232,2236,1
2232,2239,1
2233,2248,1
2233,2249,-1
2234,2243,1
2234,2244,1
2234,2245,1
2234,2249,1
2235,2241,1
2235,2244,1
2235,2245,1
2235,2247,1
2236,2240,1
2236,2244,1
2236,2248,1
2236,2397,-1
2238,2243,1
2238,2244,1
2239,2241,1
2240,2241,1
2240,2243,1
2240,2246,1
2240,2249,1
2243,2245,1
2243,2246,1
2244,2545,-1
2246,2249,1
2246,2778,-1
2247,2513,-1
2248,2252,-1
2248,2296,-1
2250,2252,1
2250,2255,1
2250,2256,1
2250,2258,1
2250,2260,1
2250,2263,1
2250,2265,1
2250,2269,1
2251,2252,1
2251,2256,1
2251,2267,1
2251,2279,1
2252,2270,1
2252,2276,1
2253,2256,1
2253,2274,1
2253,2277,1
2253,2278,1
2253,2562,-1
2253,2609,-1
2253,2879,-1
2254,2255,1
2254,2265,1
2254,2275,1
2254,2279,1
2254,2739,-1
2255,2257,1
2255,2259,1
2255,2260,1
2255,2272,1
2256,2258,1
2256,2263,1
2256,2271,1
2256,2827,-1
2257,2261,1
2257,2270,1
2258,2270,1
2258,2275,1
2258,2276,1
2259,2271,1
2259,2272,1
2259,2274,1
2259,2275,1
2259,2877,-1
2260,2261,1
2260,2264,1
2260,2267,1
2260,2271,1
2260,2272,1
2260,2328,-1
2261,2263,1
2261,2268,1
2261,2270,1
2261,2274,1
2261,2456,-1
2261,2650,-1
2262,2272,1
2262,2273,1
2262,2274,1
2262,2275,1
2262,2935,-1
2263,2266,1
2263,2272,1
2263,2298,1
2265,2266,1
2265,2268,1
2265,2271,1
2265,2825,-1
2266,2271,1
2268,2269,1
2268,2458,-1
2269,2276,1
2269,2277,1
2269,2279,1
2271,2275,1
2273,2274,1
2273,2277,1
2273,2279,1
2274,2275,1
2275,2276,1
2276,2277,1
2280,2286,1
2280,2287,1
2280,2301,1
2280,2306,1
2281,2296,1
2281,2560,-1
2282,2286,1
2282,2288,1
2282,2290,1
2282,2308,1
2283,2288,1
2283,2298,1
2283,2307,1
2283,2565,-1
2283,2586,-1
2283,2905,-1
2284,2288,-1
2284,2290,1
2284,2301,1
2285,2289,1
2285,2298,1
2285,2301,1
2285,2307,1
2286,2289,1
2286,2297,1
2286,2301,1
2286,2775,-1
2287,2288,1
2287,2303,1
2287,2307,1
2288,2291,1
2288,2302,1
2288,2305,1
2288,2306,1
2288,2308,1
2288,2309,1
2289,2301,1
2289,2303,1
2289,2304,1
2290,2294,1
2290,2295,1
2290,2299,1
2290,2307,1
2290,2309,1
2290,2582,-1
2290,2820,-1
2291,2292,1
2291,2293,1
2291,2296,1
2291,2307,1
2291,2619,-1
2291,2949,-1
2292,2293,1
2292,2297,1
2292,2303,1
2293,2297,1
2293,2305,1
2294,2296,1
2294,2300,1
2294,2303,1
2295,2297,1
2295,2300,1
2295,2303,1
2296,2298,1
2296,2300,1
2296,2301,1
2297,2303,1
2297,2309,1
2298,2300,1
2298,2301,1
2298,2306,1
2299,2304,1
2299,2305,1
2299,2308,1
2300,2309,1
2300,2377,-1
2301,2302,1
2302,2307,1
2303,2309,1
2303,2441,-1
2304,2305,1
2304,2333,-1
2305,2309,1
2305,2553,-1
2307,2308,1
2309,2695,-1
2310,2320,1
2310,2325,1
2310,2326,1
2311,2316,1
2311,2319,1
2311,2321,1
2311,2324,1
2311,2327,1
2311,2330,1
2311,2339,1
2311,2941,-1
2312,2328,1
2312,2338,1
2312,2563,-1
2313,2316,1
2313,2317,1
2313,2319,1
2313,2323,1
2313,2325,1
2313,2329,1
2314,2315,1
2314,2316,1
2314,2326,1
2315,2316,1
2315,2321,1
2315,2322,-1
2315,2332,1
2315,2333,1
2315,2336,1
2315,2338,1
2316,2318,1
2316,2321,1
2316,2325,1
2316,2327,1
2316,2329,1
2316,2330,1
2316,2339,1
2316,2898,-1
2317,2321,1
2317,2323,1
2317,2326,1
2317,2328,1
2317,2337,1
2318,2321,1
2318,2322,1
2318,2330,1
2318,2335,1
2319,2321,1
2319,2323,1
2319,2327,1
2319,2331,1
2319,2333,1
2319,2462,-1
2319,2912,-1
2320,2326,1
2320,2330,1
2320,2335,1
2320,2723,-1
2321,2322,1
2321,2326,1
2321,2331,1
2322,2324,1
2322,2334,1
2322,2337,1
2322,2339,1
2323,2339,1
2324,2326,1
2324,2328,1
2324,2332,1
2324,2333,1
2324,2334,1
2324,2338,1
2324,2572,-1
2324,2580,-1
2325,2332,1
2325,2335,1
2325,2400,-1
2326,2334,1
2326,2345,-1
2326,2367,-1
2326,2571,-1
2326,2852,-1
2327,2329,1
2327,2334,1
2327,2335,1
2328,2412,-1
2328,2720,-1
2329,2334,1
2329,2910,-1
2330,2334,1
2331,2337,1
2331,2338,1
2333,2335,1
2333,2337,1
2333,2439,-1
2333,2953,-1
2334,2338,1
2335,2686,-1
2336,2337,1
2338,2858,-1
2340,2341,1
2340,2351,1
2340,2352,1
2340,2362,1
2340,2363,1
2340,2368,1
2341,2348,1
2341,2357,1
2341,2358,1
2341,2367,1
2342,2343,1
2342,2345,1
2342,2351,1
2342,2355,1
2343,2350,1
2343,2360,1
2343,2361,1
2343,2364,1
2343,2365,1
2343,2369,1
2344,2346,1
2344,2347,1
2344,2349,1
2344,2351,1
2344,2357,1
2344,2362,1
2345,2350,1
2345,2355,1
2345,2357,1
2345,2360,1
2345,2362,1
2346,2351,1
2346,2353,1
2346,2358,1
2347,2355,1
2347,2359,1
2347,2361,1
2347,2366,1
2348,2349,1
2348,2366,1
2348,2827,-1
2348,2871,-1
2349,2355,1
2349,2357,1
2349,2360,1
2349,2364,1
2349,2367,1
2350,2352,1
2350,2358,1
2350,2363,1
2350,2655,-1
2350,2979,-1
2351,2356,1
2351,2364,1
2352,2356,1
2352,2359,1
2352,2360,1
2352,2367,1
2352,2369,1
2353,2938,-1
2354,2362,1
2354,2363,1
2354,2364,1
2355,2364,1
2356,2360,1
2357,2361,1
2358,2801,-1
2359,2360,-1
2359,2362,1
2359,2369,1
2360,2363,1
2361,2363,1
2361,2365,1
2361,2367,1
2361,2368,1
2362,2367,1
2362,2368,1
2362,2369,1
2362,2916,-1
2363,2365,1
2364,2785,-1
2369,2917,-1
2370,2371,1
2370,2372,1
2370,2376,1
2370,2384,1
2370,2388,-1
2370,2394,1
2370,2396,1
2370,2397,1
2371,2374,1
2371,2376,1
2371,2381,1
2371,2383,1
2371,2391,1
2372,2397,1
2372,2398,1
2372,2399,-1
2373,2384,1
2373,2396,1
2374,2381,1
2374,2384,1
2374,2388,1
2374,2389,1
2374,2391,1
2374,2394,1
2374,2397,1
2375,2386,1
2375,2389,1
2375,2394,1
2376,2378,1
2376,2379,1
2376,2386,1
2376,2398,1
2377,2380,1
2377,2387,1
2377,2388,1
2377,2395,1
2377,2397,1
2378,2388,1
2378,2390,1
2379,2386,1
2380,2386,1
2380,2391,1
2381,2392,1
2381,2397,1
2381,2630,-1
2381,2906,-1
2382,2389,1
2382,2393,1
2382,2789,-1
2382,2963,-1
2383,2387,1
2383,2389,1
2383,2393,1
2383,2398,1
2384,2386,1
2384,2392,1
2384,2395,1
2385,2386,1
2385,2388,1
2385,2395,1
2385,2396,1
2386,2388,1
2386,2389,1
2386,2396,1
2387,2396,1
2388,2391,1
2388,2638,-1
2389,2392,1
2389,2394,1
2389,2397,1
2389,2399,-1
2389,2909,-1
2389,2931,-1
2390,2396,1
2391,2392,1
2392,2399,1
2396,2398,1
2396,2399,1
2397,2399,1
2400,2407,1
2400,2416,1
2400,2424,1
2400,2429,1
2400,2950,-1
2401,2402,1
2401,2404,1
2401,2410,1
2401,2412,1
2401,2417,1
2401,2422,1
2401,2427,1
2402,2419,1
2402,2421,1
2402,2428,1
2403,2411,1
2403,2415,1
2403,2418,1
2403,2425,1
2403,2426,1
2403,2901,-1
2404,2411,1
2404,2413,-1
2404,2419,1
2404,2427,1
2405,2416,1
2405,2423,1
2405,2849,-1
2406,2417,1
2406,2424,1
2407,2411,1
2407,2414,1
2407,2415,1
2407,2416,1
2407,2420,1
2408,2414,1
2408,2420,1
2409,2415,1
2409,2416,1
2409,2420,1
2411,2414,1
2412,2429,1
2413,2425,1
2413,2429,1
2413,2492,-1
2414,2426,1
2414,2428,1
2414,2429,1
2414,2941,-1
2415,2423,1
2415,2425,1
2415,2428,1
2416,2422,1
2417,2418,1
2417,2419,1
2417,2985,-1
2418,2419,1
2418,2423,-1
2419,2424,1
2420,2424,1
2421,2429,1
2423,2428,1
2430,2454,1
2431,2432,1
2431,2438,1
2431,2440,1
2431,2444,1
2431,2447,1
2431,2455,1
2431,2456,1
2431,2781,-1
2432,2433,1
2432,2442,1
2432,2447,1
2432,2450,1
2432,2454,1
2433,2451,1
2434,2441,1
2434,2445,1
2434,2446,1
2434,2451,1
2434,2454,1
2434,2455,1
2435,2444,1
2435,2722,-1
2436,2448,1
2437,2438,1
2437,2441,1
2437,2448,1
2437,2449,1
2437,2454,1
2437,2459,1
2438,2447,1
2438,2448,1
2438,2456,1
2438,2458,1
2439,2448,1
2439,2449,1
2439,2454,1
2440,2447,1
2440,2452,1
2440,2457,1
2440,2557,-1
2441,2442,1
2441,2453,1
2442,2451,1
2442,2453,1
2442,2458,1
2442,2459,1
2443,2445,1
2443,2451,1
2443,2454,1
2443,2457,1
2443,2683,-1
2443,2819,-1
2444,2449,-1
2444,2450,1
2444,2452,1
2444,2453,1
2444,2457,1
2445,2454,1
2446,2449,1
2446,2452,1
2447,2449,1
2447,2458,1
2448,2451,-1
2448,2456,1
2448,2457,1
2449,2459,1
2450,2451,1
2450,2454,1
2450,2457,1
2450,2719,-1
2451,2452,1
2451,2454,-1
2451,2457,1
2453,2455,1
2453,2456,1
2453,2457,1
2453,2459,1
2454,2563,-1
2455,2459,1
2458,2964,-1
2459,2709,-1
2460,2466,1
2460,2476,1
2460,2481,-1
2460,2487,1
2460,2488,1
2461,2466,1
2461,2470,1
2461,2483,1
2461,2485,1
2461,2764,-1
2462,2468,1
2462,2469,1
2462,2474,1
2462,2484,1
2462,2489,1
2463,2467,1
2463,2468,1
2463,2473,1
2463,2484,1
2463,2487,1
2464,2472,1
2464,2489,1
2465,2489,1
2466,2488,1
2466,2648,-1
2467,2470,1
2467,2475,1
2467,2485,-1
2467,2487,1
2468,2472,1
2468,2473,1
2469,2474,1
2469,2479,1
2469,2842,-1
2470,2482,1
2471,2474,1
2471,2476,1
2471,2479,1
2471,2485,1
2471,2486,1
2471,2805,-1
2472,2479,1
2472,2487,1
2473,2475,1
2474,2476,1
2474,2996,-1
2475,2478,1
2475,2484,1
2475,2486,1
2476,2479,1
2476,2482,1
2477,2482,1
2477,2488,1
2478,2485,1
2478,2486,1
2479,2480,1
2479,2483,1
2479,2487,1
2479,2550,-1
2481,2484,1
2481,2485,1
2481,2489,1
2482,2488,1
2482,2550,-1
2482,2572,-1
2483,2484,1
2483,2487,1
2484,2489,1
2486,2488,1
2487,2764,-1
2490,2501,1
2490,2511,1
2490,2515,1
2491,2504,1
2491,2505,1
2491,2512,1
2492,2497,1
2492,2503,1
2492,2505,1
2492,2506,1
2492,2508,1
2492,2511,1
2492,2513,1
2493,2512,1
2493,2947,-1
2494,2499,1
2494,2501,1
2494,2506,1
2494,2517,1
2494,2518,1
2495,2500,1
2495,2507,1
2495,2515,1
2495,2517,1
2495,2519,1
2495,2806,1
2496,2509,1
2496,2518,1
2497,2498,1
2497,2500,1
2497,2501,1
2497,2509,1
2497,2511,1
2498,2507,1
2498,2510,1
2498,2511,1
2498,2518,1
2499,2501,1
2499,2512,1
2499,2515,1
2500,2505,1
2500,2510,1
2500,2512,1
2500,2519,1
2501,2507,1
2501,2508,1
2502,2504,1
2502,2517,1
2502,2519,1
2502,2632,-1
2503,2507,1
2503,2508,1
2503,2511,1
2503,2518,1
2503,2519,1
2503,2716,-1
2503,2873,-1
2504,2506,1
2504,2515,1
2504,2518,1
2504,2944,-1
2505,2510,1
2505,2511,1
2507,2508,1
2507,2513,1
2507,2516,1
2507,2517,1
2508,2510,1
2508,2516,1
2508,2710,-1
2509,2510,1
2509,2518,1
2509,2913,-1
2509,2981,-1
2510,2514,1
2510,2516,1
2510,2517,1
2510,2519,1
2511,2512,1
2511,2514,1
2512,2516,1
2513,2514,1
2513,2517,1
2513,2518,1
2514,2515,1
2514,2516,-1
2520,2531,1
2520,2544,-1
2520,2545,1
2521,2522,1
2521,2528,1
2521,2529,1
2521,2533,1
2521,2536,1
2521,2537,1
2521,2546,1
2522,2523,1
2522,2533,1
2522,2538,1
2522,2542,1
2522,2545,1
2523,2525,1
2523,2531,1
2523,2541,1
2524,2527,1
2524,2529,1
2524,2538,1
2524,2539,1
2524,2542,1
2524,2621,-1
2525,2528,1
2525,2530,1
2525,2535,1
2525,2542,1
2525,2547,1
2525,2548,1
2525,2630,-1
2526,2543,1
2527,2531,1
2527,2534,1
2527,2547,1
2528,2529,1
2528,2533,1
2528,2535,1
2528,2542,1
2528,2587,-1
2530,2548,1
2530,2891,-1
2531,2533,1
2531,2539,1
2531,2544,1
2532,2534,1
2532,2540,1
2532,2543,1
2532,2545,1
2532,2768,-1
2533,2542,1
2534,2544,1
2535,2537,1
2535,2539,1
2535,2549,1
2535,2608,-1
2536,2541,1
2536,2542,1
2536,2547,1
2536,2548,1
2536,2549,1
2537,2540,1
2538,2539,1
2538,2541,1
2538,2545,1
2538,2848,-1
2539,2543,1
2539,2549,1
2540,2545,1
2541,2549,1
2542,2543,1
2542,2544,1
2542,2972,-1
2543,2549,1
2544,2549,1
2547,2886,-1
2548,2775,-1
2555,2643,-1
2560,2584,-1
2564,2905,-1
2570,2918,-1
2578,2778,-1
2581,2866,-1
2591,2661,-1
2592,2987,-1
2593,2898,-1
2594,2866,-1
2600,2867,-1
2601,2928,-1
2605,2875,-1
2606,2869,-1
2613,2910,-1
2615,2974,-1
2635,2959,-1
2636,2832,-1
2640,2726,-1
2643,2986,-1
2646,2864,-1
2653,2956,-1
2656,2913,-1
2659,2949,-1
2676,2969,-1
2679,2771,-1
2683,2954,-1
2693,2738,-1
2695,2997,-1
2699,2730,-1
2700,2760,-1
2702,2846,-1
2705,2998,-1
2710,2748,-1
2720,2782,-1
2729,2864,-1
2739,2803,-1
2745,2804,-1
2747,2922,-1
2765,2960,-1
2766,2898,-1
2775,2914,-1
2787,2816,-1
2812,2938,-1
2817,2820,-1
2849,2904,-1
2854,2902,-1
2856,2906,-1
2875,2931,-1
2879,2889,-1
2881,2982,-1
2899,2993,-1
