0,17,1
0,1585,-1
0,2384,-1
1,19,1
1,24,1
1,931,-1
1,1671,-1
2,21,1
2,25,1
2,26,1
2,379,-1
2,1319,-1
3,14,1
3,248,-1
3,2069,-1
4,21,1
4,23,1
4,244,-1
4,2591,-1
5,11,1
5,13,1
5,14,1
5,1545,-1
5,1989,-1
6,27,1
6,29,1
6,1727,-1
6,2247,-1
7,13,1
7,16,1
7,17,1
7,112,-1
8,15,1
9,20,1
9,2617,-1
10,12,1
10,1565,-1
11,2653,-1
12,1042,-1
13,1096,-1
13,2862,-1
14,18,1
14,25,1
15,27,1
15,1056,-1
15,1971,-1
16,1372,1
17,1135,-1
17,1747,-1
18,22,1
18,787,-1
18,1197,-1
18,1645,-1
19,21,1
19,116,1
19,2577,-1
19,2648,-1
19,2656,-1
20,2612,-1
21,28,1
21,2247,-1
21,2801,-1
22,134,-1
22,2324,1
23,1162,-1
23,1484,-1
24,2273,-1
25,27,-1
25,2980,-1
27,1309,-1
27,1364,-1
27,1509,-1
27,2492,-1
28,149,-1
28,2125,-1
29,456,-1
29,589,-1
30,49,1
30,51,1
30,57,1
30,444,1
30,1149,-1
30,1480,-1
30,1815,-1
31,41,1
32,50,1
32,1348,-1
32,2359,-1
33,52,1
34,35,1
34,224,-1
34,632,1
34,2035,-1
35,155,-1
36,50,1
36,2333,-1
37,39,1
37,2574,1
38,50,1
38,1283,-1
38,1443,-1
38,1607,-1
39,1187,-1
39,1948,-1
40,49,-1
40,802,-1
41,999,-1
41,1406,-1
41,1467,-1
42,46,1
42,47,1
42,56,1
42,439,-1
42,1440,-1
42,1924,-1
42,2812,-1
42,2914,-1
43,48,1
43,1000,-1
43,2165,-1
43,2193,-1
43,2604,-1
44,59,1
45,58,1
45,1223,-1
46,2531,-1
47,53,1
47,1419,-1
47,2548,-1
48,1597,-1
48,2843,-1
49,52,1
49,54,1
49,2839,-1
50,1079,-1
51,55,1
51,56,1
51,564,-1
52,56,1
52,59,1
52,878,-1
52,2438,-1
53,442,-1
53,738,-1
53,2096,-1
56,488,-1
56,1530,-1
57,342,-1
59,909,-1
59,967,-1
60,68,1
60,71,1
60,1565,-1
61,65,1
61,83,1
61,848,-1
62,84,1
63,66,1
63,78,1
63,89,1
64,66,1
64,75,1
65,67,-1
65,89,1
65,913,-1
66,86,1
66,153,-1
66,1733,-1
67,70,1
67,72,1
67,1829,-1
68,2072,-1
68,2764,-1
69,82,1
69,1725,-1
69,1806,-1
69,2122,-1
70,83,1
70,2424,-1
70,2700,-1
71,88,1
72,84,1
72,88,1
72,1832,-1
72,2025,-1
73,83,1
73,184,-1
74,88,1
74,89,1
74,2254,-1
75,85,1
75,821,-1
76,77,1
76,79,1
76,89,1
76,227,-1
76,2408,-1
77,84,1
77,1170,-1
77,2335,-1
78,691,-1
78,2441,-1
78,2693,-1
79,81,1
79,2687,-1
80,88,1
80,1117,-1
81,2577,-1
82,930,-1
82,2620,-1
83,1068,-1
83,1310,-1
83,2996,-1
84,1858,-1
84,2241,-1
85,930,-1
85,2975,-1
86,725,-1
86,1754,-1
87,88,1
87,670,-1
87,1780,-1
87,2191,-1
87,2899,-1
88,746,-1
90,92,1
90,110,1
90,1375,-1
91,96,1
91,100,1
91,398,-1
91,1343,-1
92,101,1
92,2696,-1
93,110,1
93,1951,1
93,2873,-1
94,95,1
94,109,1
94,270,-1
94,1358,-1
95,114,1
95,117,1
95,119,1
95,232,-1
96,2428,-1
96,2667,-1
96,2915,-1
97,110,1
97,311,-1
97,483,-1
97,1298,1
97,1671,-1
97,2052,-1
98,99,1
98,102,1
98,229,-1
98,1386,-1
99,2963,-1
100,605,-1
101,272,-1
101,1722,1
101,2274,-1
103,113,1
104,118,1
105,117,1
105,633,-1
106,113,1
106,515,-1
106,1311,-1
106,2089,-1
107,114,1
107,1365,-1
108,109,1
108,112,1
108,116,1
108,2259,-1
109,1141,-1
109,2243,-1
109,2375,-1
109,2690,-1
111,115,1
111,548,-1
111,1206,-1
112,568,-1
114,2352,-1
115,352,-1
116,2797,-1
118,1355,-1
118,2348,-1
119,167,-1
119,617,-1
119,2008,-1
120,126,1
120,471,-1
120,1501,-1
120,2078,-1
121,127,1
122,123,1
122,124,1
122,141,1
123,1049,-1
123,2366,-1
124,146,1
124,716,-1
125,145,1
125,149,1
125,1350,-1
125,1355,-1
125,1367,-1
125,1545,-1
126,134,1
126,137,1
127,148,1
127,742,-1
128,147,1
128,1931,-1
128,2799,-1
129,132,1
129,1836,-1
129,1977,-1
129,2596,-1
130,132,1
131,132,-1
132,142,1
132,144,1
133,146,1
133,2884,-1
134,138,1
134,368,-1
134,1508,-1
134,1971,-1
134,2377,-1
135,146,1
135,2029,-1
135,2258,-1
136,147,1
139,148,1
140,143,1
140,450,-1
140,1278,-1
140,2564,-1
141,2122,-1
141,2732,-1
141,2841,-1
141,2995,-1
142,2776,-1
143,147,1
143,805,-1
143,2344,-1
143,2760,-1
144,487,-1
144,751,-1
144,2342,-1
144,2537,-1
145,1979,-1
145,2662,-1
147,588,-1
147,1241,-1
148,2709,-1
150,158,1
151,164,1
151,175,1
151,711,-1
151,1889,-1
152,155,1
152,161,1
153,154,1
153,158,1
153,163,1
154,170,1
154,178,1
155,164,-1
155,168,-1
155,174,1
155,175,1
155,2276,-1
155,2815,-1
156,159,1
156,175,1
156,178,1
156,2116,-1
156,2726,-1
156,2844,-1
157,173,1
157,1022,-1
157,1198,-1
157,1534,-1
157,2476,-1
158,172,1
158,349,-1
159,367,-1
160,165,1
160,450,-1
160,881,-1
160,1478,-1
160,2692,-1
162,164,1
162,171,1
162,1405,-1
162,2335,-1
162,2679,-1
163,219,-1
163,2769,-1
164,166,1
164,179,1
165,741,-1
165,1133,-1
165,2102,-1
165,2361,-1
165,2936,-1
166,1447,-1
167,168,1
167,2593,-1
168,172,1
168,2095,-1
169,176,1
170,177,1
171,2231,-1
172,775,-1
173,1502,-1
175,1502,-1
175,2662,-1
176,1398,-1
176,2803,-1
178,579,-1
178,2814,-1
180,186,1
180,194,1
181,190,-1
181,193,1
181,208,1
181,563,-1
181,1434,-1
182,187,1
182,194,1
182,1172,-1
182,2898,-1
183,204,1
183,1436,-1
183,2148,-1
184,202,-1
184,1666,1
184,1867,-1
185,204,1
186,545,-1
186,1536,-1
187,2546,-1
188,206,1
188,232,-1
188,878,-1
188,2491,-1
189,205,1
189,932,-1
190,982,-1
190,1214,-1
190,1732,-1
191,199,1
191,200,1
191,1242,-1
191,1922,-1
191,2610,-1
192,200,1
192,624,-1
192,1912,-1
194,2726,-1
195,208,1
195,531,-1
195,2860,-1
196,208,1
196,710,-1
197,201,1
197,203,1
197,209,1
197,1174,-1
198,199,1
199,203,1
199,207,1
199,1520,-1
199,2761,-1
200,663,-1
200,2690,-1
202,257,-1
203,204,1
203,1378,-1
204,208,1
204,1165,-1
205,945,-1
205,1838,-1
207,235,-1
207,1491,-1
207,1950,-1
207,1997,-1
207,2132,-1
207,2661,-1
208,512,-1
208,1802,-1
209,1907,1
210,215,1
211,225,1
211,230,1
212,220,1
212,224,1
212,234,1
212,2773,-1
213,236,1
213,391,-1
213,614,-1
213,921,-1
213,953,-1
213,1542,-1
214,215,1
214,222,1
214,1035,-1
214,1676,-1
215,340,-1
215,1349,-1
215,1455,-1
215,1604,-1
216,225,1
216,1235,-1
217,219,1
217,519,-1
217,2266,-1
218,230,1
218,233,1
218,952,-1
219,237,1
219,239,1
220,221,1
220,2837,-1
221,1774,-1
222,226,1
222,234,1
223,227,1
223,235,1
223,534,-1
223,2542,-1
225,992,-1
227,232,1
227,586,-1
228,231,1
228,482,-1
229,238,1
230,238,1
230,2959,-1
231,1161,-1
231,1236,-1
231,1330,-1
232,233,1
232,2941,-1
233,234,-1
233,716,1
234,2684,-1
235,2613,-1
235,2876,-1
235,2992,-1
236,254,-1
236,920,-1
236,1271,-1
236,1567,-1
236,2154,-1
239,1166,-1
240,252,1
240,1674,-1
240,2482,-1
241,252,1
241,257,-1
241,267,1
242,251,1
243,246,1
243,249,1
243,258,1
243,941,-1
244,248,1
244,257,1
244,2325,-1
245,262,1
245,451,-1
246,2844,-1
247,268,1
247,354,-1
247,2877,-1
248,253,1
248,282,-1
248,2096,-1
249,265,1
250,253,1
250,1993,1
251,252,1
251,2648,-1
253,268,1
253,1441,-1
253,1493,-1
254,261,1
254,1371,-1
254,1642,-1
254,1850,-1
255,256,1
255,2168,-1
256,264,1
256,1245,-1
256,2208,-1
257,268,1
257,1675,-1
258,260,1
258,264,1
259,266,1
259,334,-1
260,2117,-1
260,2381,-1
261,263,1
261,266,1
261,268,-1
262,269,1
262,1309,-1
262,1757,-1
263,781,-1
263,1901,-1
264,266,1
264,608,-1
264,617,-1
264,1549,-1
266,523,-1
266,1326,-1
266,1690,-1
266,2300,-1
266,2759,-1
267,1250,-1
268,1038,-1
268,2670,-1
269,2009,-1
269,2153,-1
270,275,1
270,1258,-1
271,285,1
271,286,1
272,278,1
272,285,1
273,287,1
273,1137,-1
273,1689,-1
273,2405,-1
274,277,1
274,290,1
274,2206,-1
275,288,-1
275,756,-1
275,1773,-1
275,2749,-1
276,291,1
278,299,1
278,2501,-1
279,289,1
279,293,1
279,294,1
279,759,-1
279,2316,-1
280,287,1
281,285,1
281,293,1
281,1304,-1
281,2801,-1
282,295,1
282,296,1
282,641,-1
282,1205,-1
282,1850,-1
282,1950,-1
283,285,1
283,289,1
283,295,1
283,1601,-1
284,291,1
284,957,-1
284,1509,-1
284,2529,-1
285,296,1
285,297,1
285,1255,-1
286,442,-1
286,852,-1
286,863,-1
286,2208,-1
286,2612,-1
287,680,-1
287,1389,-1
287,1946,-1
289,298,1
289,1056,-1
290,906,-1
290,1058,-1
290,1119,-1
290,1629,-1
292,296,1
293,1217,-1
293,1824,-1
294,299,1
294,2069,-1
294,2387,-1
295,402,-1
295,1402,-1
295,2118,-1
295,2487,-1
297,465,-1
297,1165,-1
299,2562,-1
300,318,1
300,321,1
301,302,1
301,319,1
301,2324,-1
301,2547,-1
303,306,1
303,329,1
304,314,1
305,314,1
305,315,1
305,320,1
306,308,1
307,312,1
307,323,1
307,1745,-1
307,2121,-1
308,313,1
308,321,1
309,326,1
309,719,-1
309,2168,-1
310,314,1
310,1052,-1
310,1082,-1
310,2904,-1
311,320,1
311,390,-1
311,2114,-1
311,2376,-1
312,1652,-1
313,2638,-1
314,327,1
314,328,1
314,1560,-1
314,2159,-1
315,669,-1
316,321,1
316,534,-1
316,996,-1
316,1218,-1
316,1300,-1
316,2534,-1
316,2791,-1
317,328,1
318,325,1
319,1841,-1
320,793,-1
321,324,1
322,329,1
322,971,-1
322,2527,-1
323,328,1
323,458,-1
323,776,-1
323,1170,-1
323,2768,-1
324,328,1
324,543,-1
324,608,-1
325,1483,-1
325,1818,-1
325,2122,-1
326,327,1
326,1874,-1
330,336,1
330,908,-1
330,2471,-1
331,344,1
331,355,1
331,744,-1
331,1405,-1
331,1484,-1
332,342,1
333,350,1
333,351,1
334,340,1
335,337,1
335,338,1
335,339,1
335,355,1
335,1624,-1
335,1703,-1
336,346,1
336,2836,-1
337,2560,-1
337,2645,-1
338,2967,-1
339,346,1
339,348,1
339,1486,-1
340,354,1
340,358,1
340,359,1
341,343,1
341,356,1
341,1845,-1
342,371,-1
343,349,1
343,464,-1
343,1010,-1
344,350,1
344,1606,-1
345,353,1
345,1118,-1
345,2752,-1
346,1113,1
346,1124,-1
346,1469,-1
346,1620,-1
347,357,1
347,358,1
347,504,-1
347,2795,-1
348,1268,-1
349,1300,-1
352,355,1
352,359,1
352,546,-1
352,2142,-1
353,2514,-1
354,397,-1
354,1897,-1
354,2120,-1
354,2348,-1
354,2377,-1
355,839,-1
357,1361,-1
358,1396,-1
359,1643,-1
360,371,1
360,1458,-1
360,1586,-1
361,387,1
361,1409,-1
362,381,1
362,1994,-1
362,2331,-1
363,372,1
363,1758,-1
364,365,1
364,367,1
364,385,1
365,2456,-1
366,386,1
367,389,1
367,971,-1
368,369,1
368,370,-1
368,372,1
368,388,1
368,871,-1
368,1690,-1
369,533,-1
369,1778,-1
370,377,1
370,382,1
371,373,1
371,378,1
371,670,-1
372,378,1
372,388,1
372,1156,-1
372,2893,-1
373,385,1
374,378,1
374,386,1
375,380,1
375,1003,-1
376,383,1
376,532,-1
376,852,-1
376,937,-1
377,715,-1
377,1084,-1
377,2105,-1
377,2118,-1
377,2202,-1
378,380,1
378,1235,-1
378,2554,-1
379,381,1
379,820,-1
379,1916,-1
379,2059,-1
380,384,1
380,1302,-1
381,518,-1
381,1496,-1
381,2077,-1
382,495,-1
382,622,-1
382,1856,-1
384,2895,-1
385,388,1
385,2625,-1
386,627,-1
386,2663,-1
387,471,-1
388,1187,-1
388,1380,-1
390,392,1
390,397,1
390,749,-1
391,394,1
391,402,1
391,403,1
391,405,1
391,2087,-1
391,2525,-1
392,395,1
392,402,1
392,410,1
392,639,-1
392,1024,-1
393,407,1
393,2292,-1
393,2699,-1
394,416,1
394,1339,1
396,404,1
396,411,1
397,1325,-1
397,2305,-1
398,416,-1
398,1077,-1
398,1387,-1
398,1667,-1
399,402,1
399,1448,-1
400,410,1
400,512,-1
400,2487,-1
400,2703,-1
401,414,1
401,415,1
401,416,1
401,419,1
401,1517,-1
402,536,-1
402,1402,-1
403,1708,-1
403,2039,-1
406,411,1
407,411,1
407,417,-1
408,418,1
408,2913,-1
409,412,1
410,805,-1
410,939,-1
410,2271,-1
410,2289,-1
413,414,1
413,941,-1
414,416,1
414,815,-1
414,1839,-1
415,804,-1
416,1769,-1
417,754,-1
417,1555,-1
417,1801,-1
417,2672,-1
418,2395,-1
420,431,1
420,438,1
421,445,1
421,1274,-1
421,1586,-1
421,1976,-1
421,2194,1
421,2852,-1
422,423,1
422,435,1
422,445,1
422,1554,-1
424,427,1
424,434,1
425,433,1
425,435,1
425,437,1
426,446,1
426,1357,-1
426,2064,-1
427,1631,-1
427,2329,-1
428,441,1
428,1223,-1
428,2135,-1
428,2520,-1
429,448,1
429,449,1
429,1229,-1
430,431,1
430,440,1
430,2185,-1
432,435,1
432,1149,-1
433,441,1
433,2928,-1
434,2255,-1
434,2332,-1
435,547,-1
436,438,1
438,442,1
438,926,-1
439,449,1
439,2952,-1
440,1059,-1
441,476,-1
441,1298,-1
441,1514,-1
442,1546,-1
442,2506,-1
442,2601,-1
443,444,1
443,1180,-1
443,2403,-1
444,447,1
446,449,1
446,506,-1
447,2715,-1
448,2382,-1
449,1106,-1
449,2958,-1
450,452,1
450,455,1
450,461,1
450,465,1
450,477,-1
450,488,-1
451,452,1
451,473,1
451,973,-1
451,2790,-1
452,466,1
452,476,1
452,809,-1
452,2012,-1
453,462,1
453,473,1
453,475,1
453,479,1
453,2504,-1
454,458,1
454,469,1
454,477,1
454,1124,-1
454,2186,-1
455,469,1
455,472,1
455,473,1
455,474,1
455,479,1
456,457,1
456,464,-1
456,467,1
456,1702,-1
456,2652,-1
457,460,1
457,461,1
457,465,1
457,666,-1
458,459,1
458,467,-1
458,470,1
458,520,-1
458,1199,-1
459,463,1
459,473,1
459,1146,1
459,2861,-1
460,469,1
460,477,1
460,1064,-1
460,2083,-1
461,462,1
461,477,1
461,2126,-1
461,2400,-1
461,2592,-1
461,2740,-1
462,467,1
462,470,1
462,476,1
462,1402,-1
462,1652,-1
463,464,1
463,466,1
463,468,1
463,475,1
463,476,1
463,477,1
463,620,-1
463,1067,-1
463,1741,-1
463,2764,-1
464,468,1
464,470,1
464,473,1
464,475,1
464,478,1
465,474,1
465,475,1
465,477,1
465,1517,-1
467,469,1
467,472,1
467,473,1
468,471,1
468,475,1
468,871,-1
469,471,1
469,475,1
469,1403,-1
469,2323,-1
470,474,1
470,948,-1
471,477,1
472,1743,-1
472,2614,1
473,1746,-1
475,478,1
476,479,1
476,680,-1
476,1123,-1
476,2553,-1
477,479,1
480,491,1
480,492,1
480,501,1
480,507,1
480,610,-1
480,2379,-1
481,490,1
481,492,1
482,496,1
482,509,1
482,1009,-1
482,1795,-1
483,494,1
483,495,-1
483,509,1
484,498,1
484,500,1
484,502,1
484,506,1
485,503,1
485,863,-1
485,1298,-1
485,1415,-1
486,495,1
486,526,-1
486,2222,-1
487,500,1
488,498,1
488,499,1
488,509,1
488,979,-1
488,2729,-1
489,496,1
489,508,1
489,509,1
489,873,-1
489,1133,-1
490,492,1
490,501,1
490,509,1
490,1488,-1
491,494,1
491,508,-1
491,583,-1
491,1697,-1
491,2680,-1
492,493,1
492,496,1
492,720,-1
492,1061,-1
493,508,1
493,2341,-1
494,508,1
495,503,1
495,896,-1
496,505,1
496,780,-1
496,1091,-1
496,1477,-1
496,1619,-1
497,501,1
497,504,1
497,1663,-1
497,2283,-1
498,505,1
498,999,-1
498,1955,-1
498,2062,-1
498,2370,-1
499,501,1
499,1912,-1
500,505,1
500,1074,-1
500,1573,-1
501,506,1
501,528,-1
501,1601,-1
501,2554,-1
502,1758,-1
502,2997,-1
503,1820,-1
504,1082,-1
506,508,1
507,509,1
507,970,-1
508,2232,-1
509,2162,1
510,511,1
510,521,1
510,522,1
510,531,1
510,538,1
511,513,1
511,514,1
511,522,1
511,531,1
511,2337,-1
511,2555,-1
512,518,1
512,532,1
512,536,1
512,699,-1
513,1811,-1
513,2265,-1
513,2359,-1
513,2534,-1
514,516,1
514,517,1
514,521,1
514,531,1
514,2383,-1
515,525,1
515,528,1
515,537,-1
516,531,1
516,537,1
516,539,1
517,518,1
517,528,1
517,957,1
518,524,1
518,528,1
518,536,1
519,534,1
520,525,1
520,530,1
520,536,1
520,538,1
521,650,-1
521,2658,-1
522,528,1
523,527,1
523,531,1
523,534,1
523,2437,-1
524,857,-1
525,1696,-1
526,528,1
526,530,1
526,1036,-1
527,533,1
528,533,1
528,1222,1
528,1928,-1
529,536,1
530,533,-1
530,1570,-1
530,2785,-1
531,537,1
531,2871,-1
532,1068,-1
533,980,-1
533,1383,-1
533,2709,1
533,2972,-1
534,535,1
536,1176,-1
538,636,-1
538,1974,-1
540,545,1
540,548,1
540,551,1
540,558,1
540,850,-1
540,1062,-1
540,2745,-1
540,2774,-1
541,545,1
541,567,1
541,650,-1
541,655,-1
541,983,-1
541,1593,-1
542,556,-1
542,565,1
542,566,1
543,560,1
544,545,1
544,554,1
544,926,-1
544,1401,-1
544,1877,-1
544,2234,-1
545,546,1
545,554,1
545,1447,-1
546,558,1
547,563,1
547,2149,-1
548,559,1
548,561,1
548,564,1
548,2909,-1
549,550,-1
549,551,1
549,552,1
549,553,-1
549,567,1
550,562,1
550,566,1
551,560,1
551,563,1
551,1133,-1
551,2202,-1
551,2249,-1
552,556,1
552,557,1
552,559,1
553,555,1
553,557,1
553,564,1
553,2119,-1
554,568,1
554,1985,-1
555,1896,-1
556,559,1
556,563,1
557,561,1
557,563,1
557,566,-1
557,567,1
557,715,-1
557,2693,-1
558,614,-1
558,1214,-1
559,800,-1
560,569,1
561,562,1
561,568,1
562,563,1
562,1423,-1
563,1318,-1
564,566,1
564,2062,-1
565,568,1
566,1505,-1
567,568,1
567,2312,-1
568,794,-1
568,2467,-1
569,1873,-1
570,571,1
570,572,1
570,576,1
571,587,1
571,589,1
571,597,1
572,573,1
572,590,1
572,597,1
572,2940,-1
573,591,1
573,979,-1
573,1622,-1
574,579,1
574,584,-1
574,595,1
574,598,1
574,2085,-1
575,581,1
575,593,1
575,594,1
575,596,1
575,1098,-1
575,2992,-1
576,585,1
576,588,1
576,592,1
576,593,1
576,2091,-1
577,578,1
577,584,1
577,588,1
577,2998,-1
578,584,1
578,592,1
578,1402,-1
578,2902,-1
579,582,1
579,596,1
579,1662,-1
579,1906,-1
580,587,1
580,590,1
580,594,1
581,582,1
582,584,1
582,586,1
583,589,1
583,1970,-1
583,2079,-1
583,2693,-1
583,2908,-1
584,595,1
584,1097,-1
584,1212,-1
584,1553,-1
584,1699,-1
584,2087,-1
585,597,1
586,591,1
586,592,1
586,599,1
587,1419,-1
587,1877,-1
588,999,-1
589,1171,-1
589,1970,-1
590,591,1
590,2965,-1
591,596,1
591,1050,-1
591,2599,-1
592,1593,-1
595,1734,-1
596,599,1
596,2634,-1
597,598,1
597,1444,-1
597,1578,-1
600,616,1
600,619,1
600,818,-1
600,2357,-1
600,2531,-1
601,608,1
601,617,1
601,628,1
601,1684,-1
601,2026,-1
602,603,1
602,607,1
602,620,1
602,622,1
603,614,1
603,615,1
603,617,1
603,618,1
604,609,1
604,612,1
604,2727,-1
605,609,1
605,1854,-1
606,607,1
606,611,1
606,613,1
606,1023,-1
607,613,1
607,615,1
607,625,1
607,786,-1
607,1334,-1
608,2328,-1
609,617,1
609,618,1
609,1862,-1
609,2770,-1
610,617,1
610,626,1
610,2797,-1
611,617,1
611,714,-1
612,629,1
613,625,1
613,628,1
613,2347,-1
613,2439,-1
613,2606,-1
614,617,1
614,619,1
614,1599,-1
615,619,1
615,621,1
615,781,-1
615,939,-1
615,2388,-1
616,620,1
616,633,-1
616,1896,-1
617,625,1
617,2960,-1
619,620,1
619,1592,-1
620,623,1
620,1887,-1
620,1922,-1
620,2969,-1
621,821,-1
621,2743,-1
623,1517,-1
624,627,1
624,759,-1
624,1092,-1
624,2173,-1
624,2802,-1
626,628,1
627,1916,-1
628,629,1
628,1470,-1
629,989,-1
629,1002,-1
629,1733,-1
629,2227,-1
630,636,1
630,645,1
631,642,1
631,645,1
631,657,1
631,850,-1
631,2731,-1
632,633,1
632,642,1
632,653,1
632,2617,-1
633,639,1
633,644,1
633,650,1
634,639,1
634,653,1
635,653,1
635,1122,-1
635,2672,-1
636,651,1
636,655,1
636,659,1
637,649,1
637,653,1
637,894,-1
637,1851,-1
638,639,1
638,649,1
638,2309,-1
639,706,-1
639,1793,-1
640,641,1
640,644,1
640,645,1
640,648,1
640,650,1
640,651,1
640,690,-1
640,1965,-1
640,2456,-1
640,2901,-1
641,642,1
641,644,1
641,649,1
641,653,1
641,657,1
642,648,1
642,656,1
642,1056,-1
642,1134,-1
642,1349,-1
643,648,1
643,657,1
644,650,1
645,654,1
645,1940,-1
646,652,1
646,1526,-1
646,1764,-1
647,658,1
647,1771,-1
647,2024,-1
648,654,1
649,976,-1
650,1019,-1
650,1601,-1
650,1889,-1
651,658,1
651,1740,-1
652,654,1
652,656,1
652,1926,-1
652,2964,-1
653,843,-1
653,956,-1
653,961,-1
653,1240,-1
653,2147,-1
654,656,1
654,1883,-1
654,2083,-1
654,2117,-1
655,1574,-1
656,658,1
656,2459,-1
658,1588,-1
658,2535,-1
660,666,1
660,678,1
660,1215,-1
661,667,1
661,671,1
661,672,1
661,1991,-1
661,2466,1
661,2490,-1
662,663,1
662,669,1
662,676,1
662,1230,-1
662,2300,-1
663,668,1
663,671,1
663,677,1
663,680,1
664,670,1
664,675,1
664,676,1
664,680,1
664,685,1
664,689,1
665,666,1
665,677,1
665,687,-1
665,2595,-1
666,678,1
666,680,1
666,1701,-1
666,2697,-1
667,1113,-1
668,673,1
668,675,1
668,1100,-1
669,681,1
669,683,1
669,689,1
670,671,1
670,683,1
670,2236,-1
671,678,1
671,681,1
671,685,1
671,1833,-1
672,682,1
672,689,1
672,2005,-1
672,2125,-1
672,2421,-1
673,679,1
673,680,1
673,682,1
674,678,1
674,681,1
674,891,-1
674,2643,-1
675,678,1
675,2698,-1
676,678,1
676,823,-1
676,1441,-1
676,1603,1
677,678,1
677,679,1
677,681,1
677,687,1
677,943,-1
678,686,1
679,680,1
679,686,1
679,689,1
680,759,-1
681,683,1
681,689,1
681,1386,-1
681,1534,-1
682,684,1
685,1555,-1
687,688,1
687,1101,-1
687,2675,-1
687,2840,-1
687,2922,-1
689,2526,-1
690,704,1
690,708,1
690,1045,-1
690,2304,-1
690,2574,-1
691,692,1
691,739,-1
692,696,1
692,711,1
692,714,1
692,952,-1
692,2680,-1
693,695,1
693,705,1
693,708,1
693,719,1
694,697,1
694,703,1
694,715,1
694,718,1
694,1265,-1
695,1377,-1
695,2982,-1
696,701,1
696,714,1
697,706,1
697,714,1
698,706,1
698,2871,1
699,715,1
700,702,1
700,705,1
700,711,1
700,2802,-1
701,702,1
701,703,1
701,706,1
701,711,1
701,718,1
701,757,-1
701,859,-1
701,2330,-1
701,2403,-1
702,716,1
702,729,-1
703,837,-1
703,1639,-1
703,2480,-1
704,705,1
705,710,1
705,712,1
705,2188,-1
706,712,1
706,1613,-1
706,1982,-1
707,711,1
707,716,1
707,2125,-1
708,712,1
708,1373,-1
708,2460,-1
708,2554,-1
709,718,1
710,712,1
710,719,1
710,2918,-1
711,818,-1
711,2704,-1
712,1097,-1
712,1804,-1
713,718,1
713,2231,-1
714,717,1
714,828,-1
714,2027,-1
715,1034,-1
715,1131,-1
716,885,-1
716,1387,-1
716,1745,-1
716,2823,-1
718,1655,-1
718,2320,-1
719,1044,-1
719,2373,-1
720,725,1
720,727,1
720,731,1
720,1736,1
720,2493,-1
720,2884,-1
720,2926,-1
721,737,1
721,739,1
721,749,1
722,736,1
722,749,1
722,2089,-1
722,2569,-1
723,734,1
723,748,1
723,749,1
723,2272,-1
723,2459,-1
723,2551,-1
723,2812,-1
724,737,1
724,1633,-1
725,728,1
725,747,1
725,749,1
726,733,1
726,744,1
726,746,1
726,970,-1
726,1811,-1
726,2299,-1
727,728,1
727,735,1
727,739,1
727,745,1
727,1937,-1
729,740,1
730,741,1
730,743,1
730,2420,-1
731,732,1
731,734,1
731,735,1
731,737,1
731,742,1
731,1337,-1
731,1837,-1
733,736,1
733,816,-1
733,1357,-1
733,2666,-1
736,1253,-1
736,2008,-1
737,743,1
737,1355,-1
737,1993,-1
738,748,1
740,1587,-1
740,2012,-1
741,1415,1
741,2624,-1
743,1406,-1
743,2277,-1
744,1624,-1
744,2993,-1
746,1906,-1
747,748,1
747,1525,-1
748,1674,-1
748,1780,-1
749,2112,-1
750,762,1
750,775,1
750,776,1
750,777,1
750,831,-1
750,835,-1
750,1115,-1
750,2250,-1
750,2995,-1
751,770,1
752,754,1
752,755,1
752,761,1
752,1920,-1
752,2259,-1
752,2260,-1
753,760,1
753,769,1
753,770,1
753,774,1
753,822,-1
754,765,1
754,775,1
754,1675,-1
754,1934,-1
755,759,1
755,770,1
755,1724,-1
755,2792,-1
756,769,1
756,773,1
756,2061,-1
756,2729,-1
757,777,1
757,1314,-1
757,1955,-1
758,764,1
758,776,1
758,778,1
759,760,1
759,763,1
759,805,-1
759,1100,-1
760,761,1
760,1953,-1
760,2343,-1
761,771,1
761,778,1
762,770,1
762,771,1
762,973,-1
762,2214,-1
763,773,1
763,1266,-1
764,772,1
765,767,1
765,777,1
765,1754,-1
765,2489,-1
766,773,1
766,1303,-1
768,778,1
769,772,1
771,774,1
771,776,1
771,2359,-1
772,774,1
772,828,-1
772,1876,-1
772,2500,-1
774,2896,-1
775,1245,-1
776,777,1
777,779,1
777,1488,-1
777,2459,-1
777,2562,-1
778,2322,-1
779,2370,-1
780,799,1
780,808,1
780,2622,-1
780,2694,-1
781,788,1
781,789,1
781,795,1
781,799,1
781,801,1
781,803,1
781,809,1
781,1556,-1
782,783,1
782,794,1
782,797,1
782,798,1
782,801,1
782,803,1
782,2448,-1
783,792,1
783,795,1
783,809,1
784,801,1
784,805,1
784,806,1
784,807,1
784,815,-1
785,787,1
785,790,1
785,792,1
785,794,1
785,802,1
785,806,1
785,808,1
785,1539,-1
786,787,1
786,788,1
786,803,1
786,804,1
786,805,1
786,1212,-1
787,806,1
787,1469,-1
787,2352,-1
787,2907,-1
788,806,1
788,876,-1
788,1628,-1
789,802,1
790,794,1
790,805,1
791,796,1
791,1475,-1
791,2407,-1
791,2450,-1
792,803,1
792,1629,-1
793,799,1
793,803,1
793,808,1
793,1038,-1
794,800,1
794,803,1
795,800,1
796,801,1
796,802,1
796,2195,-1
797,2499,-1
798,803,1
798,1311,-1
798,1577,-1
799,806,1
799,809,-1
799,905,-1
799,1109,-1
800,806,1
800,807,1
800,2418,-1
801,806,1
801,808,1
803,860,-1
803,1653,-1
803,1730,-1
805,806,1
805,869,1
805,2492,-1
805,2838,-1
806,808,1
806,2680,-1
807,845,-1
810,814,1
810,817,1
810,819,1
810,824,1
810,834,1
811,812,1
811,817,1
811,829,1
811,1878,-1
811,2852,-1
812,818,1
812,1994,-1
812,2515,-1
813,818,1
813,820,1
813,822,1
813,833,1
814,819,1
814,824,1
814,829,1
814,839,1
814,1017,-1
814,1304,-1
815,824,1
815,2072,1
815,2090,-1
816,837,1
816,2139,-1
817,826,1
817,1966,-1
818,828,1
818,837,1
819,839,1
819,1096,-1
819,2489,-1
820,831,1
820,839,1
820,1980,-1
821,833,1
822,911,-1
822,2766,-1
823,824,1
823,836,1
824,827,1
825,828,1
827,2184,-1
828,830,1
828,836,1
828,2785,-1
829,832,1
829,836,1
830,1533,-1
831,835,1
831,838,1
832,2707,-1
832,2862,-1
833,1640,-1
833,1991,-1
834,2564,-1
835,1864,-1
835,2041,-1
836,838,1
836,1762,-1
836,2219,-1
837,2447,-1
838,964,-1
839,1014,-1
839,2204,-1
840,846,1
840,856,1
841,844,1
841,847,1
841,849,1
841,869,-1
842,844,1
842,848,1
842,869,1
843,846,1
843,864,1
843,1897,-1
843,2594,-1
844,847,1
844,859,1
844,867,1
844,1863,-1
845,855,1
845,2142,-1
846,847,1
846,857,1
846,866,1
847,850,1
847,862,1
847,864,1
848,865,1
848,1886,-1
849,862,1
849,863,1
849,866,1
849,1600,-1
850,856,1
851,860,1
851,862,1
851,869,1
852,857,1
853,865,1
853,868,1
853,1632,-1
854,865,1
856,1061,1
856,1856,-1
856,2740,1
857,864,1
858,864,1
858,2765,-1
859,860,1
859,861,1
859,868,1
859,2002,-1
860,2869,-1
861,2148,-1
862,868,1
863,868,1
864,866,1
864,944,-1
864,1847,-1
864,2282,-1
865,869,1
865,1647,-1
865,2420,-1
866,2100,-1
867,2759,-1
869,1476,-1
870,897,1
870,2048,-1
871,887,1
871,888,1
872,887,1
872,2000,-1
872,2260,-1
872,2957,-1
873,876,1
873,894,1
873,895,1
874,880,1
874,883,1
874,894,1
874,899,1
874,2775,-1
874,2883,-1
875,894,1
875,1353,-1
875,2838,-1
876,883,1
876,897,1
876,2481,-1
877,881,1
877,885,1
877,886,1
877,896,1
878,899,1
878,1296,-1
878,2935,-1
879,882,1
879,891,1
879,896,1
879,899,1
880,891,1
880,897,1
880,2656,-1
882,885,1
882,887,1
882,2183,-1
883,884,1
883,885,1
884,888,1
884,895,1
884,1651,-1
884,1839,-1
885,888,1
885,890,1
887,895,1
887,2636,-1
887,2728,-1
888,893,1
888,1339,-1
889,896,1
889,1283,1
890,898,1
891,892,1
891,895,1
891,1840,-1
891,2923,-1
892,899,1
892,2362,-1
892,2541,-1
894,896,1
894,1728,-1
894,2049,-1
895,2043,-1
895,2157,-1
896,2821,-1
897,1899,-1
897,2734,-1
897,2928,-1
899,1074,-1
899,1811,-1
899,1984,-1
900,1423,-1
900,1912,-1
902,930,-1
902,1253,-1
902,2593,-1
904,1701,-1
904,1993,-1
904,2700,-1
906,2413,-1
907,2547,-1
908,1790,-1
908,2450,-1
909,1714,-1
909,2862,-1
911,1862,-1
911,1941,-1
912,1144,-1
913,1428,-1
914,1494,-1
914,2981,-1
915,2941,-1
916,1459,-1
917,2092,-1
918,1146,-1
918,1987,-1
918,2408,-1
918,2619,-1
919,2279,-1
919,2441,-1
921,1481,-1
921,2713,-1
922,1552,-1
922,2508,-1
924,2351,-1
924,2366,-1
925,1238,-1
926,1146,-1
928,1230,-1
928,2019,-1
933,1034,-1
933,1589,-1
933,2610,-1
934,1553,-1
934,2596,-1
935,1375,-1
935,1836,-1
935,2637,1
937,1725,1
939,2691,-1
940,1772,-1
940,2091,-1
943,1103,-1
944,1881,-1
948,962,-1
948,2528,-1
949,2758,-1
950,1844,-1
950,2282,-1
951,997,-1
951,1125,-1
951,1332,-1
952,2693,-1
953,2273,-1
954,1847,-1
955,1648,1
955,2045,-1
955,2783,-1
955,2969,-1
956,2850,-1
957,1939,-1
957,2239,-1
957,2351,-1
957,2571,-1
957,2989,-1
958,2251,-1
958,2528,-1
958,2708,-1
958,2982,-1
959,2211,-1
961,1621,-1
961,2889,-1
964,1216,-1
964,1744,-1
966,1816,-1
966,2422,-1
968,2240,-1
969,1102,-1
969,2288,-1
969,2776,-1
970,1073,-1
971,2155,-1
972,2503,-1
973,2749,-1
973,2968,-1
975,1742,-1
975,1967,-1
976,1141,-1
979,1081,-1
979,1967,-1
980,1223,-1
981,2035,-1
981,2374,-1
982,1437,-1
982,1697,-1
986,2382,-1
987,993,-1
987,2731,-1
987,2936,-1
988,1056,-1
988,1388,-1
989,2562,-1
990,1168,-1
990,2078,-1
992,1697,-1
997,1033,-1
997,1876,-1
998,1375,-1
998,2209,-1
1002,2186,-1
1006,1731,-1
1010,1764,-1
1012,2105,-1
1014,2707,-1
1015,1877,1
1016,1597,-1
1016,2258,-1
1018,2333,-1
1018,2390,-1
1019,2467,-1
1019,2641,-1
1021,2616,-1
1021,2947,-1
1022,1265,-1
1023,1532,-1
1025,1285,-1
1025,1879,-1
1026,2617,-1
1027,2892,-1
1028,1897,-1
1028,2686,-1
1028,2976,-1
1031,1050,-1
1031,1288,-1
1032,2251,-1
1032,2315,-1
1032,2637,-1
1033,1389,-1
1034,1081,-1
1035,1490,-1
1035,2861,-1
1037,2894,1
1040,1792,-1
1041,1823,-1
1042,1926,-1
1042,2568,-1
1043,1094,-1
1043,1940,-1
1043,2780,-1
1044,1632,-1
1044,2517,-1
1048,1363,-1
1049,1890,-1
1052,2345,-1
1052,2710,-1
1053,1256,-1
1054,2518,-1
1055,2316,-1
1058,2146,-1
1058,2652,-1
1058,2810,-1
1059,1659,-1
1059,2142,-1
1059,2498,-1
1060,1458,-1
1060,1634,-1
1061,2058,-1
1062,1478,-1
1062,1648,-1
1063,1614,-1
1065,1429,-1
1067,2667,-1
1068,1342,-1
1068,2292,-1
1069,1994,-1
1070,2259,-1
1071,1826,-1
1072,1901,-1
1072,2532,-1
1073,1447,-1
1074,1870,-1
1075,2712,-1
1078,1517,-1
1078,1669,-1
1078,2565,1
1079,1620,-1
1079,2360,-1
1079,2947,-1
1081,1630,-1
1085,2093,-1
1088,2310,-1
1088,2343,-1
1095,2688,-1
1101,2542,-1
1102,1601,-1
1104,2859,-1
1105,1309,-1
1105,2168,-1
1107,1707,-1
1109,2559,-1
1112,2085,-1
1114,1385,-1
1114,2107,-1
1115,2735,-1
1117,1160,-1
1117,2875,1
1119,1513,-1
1120,1828,-1
1121,1926,-1
1124,1498,-1
1124,2709,-1
1127,1330,-1
1128,1255,1
1128,1286,-1
1128,1457,-1
1129,2897,-1
1130,2285,-1
1131,2378,-1
1132,2115,-1
1133,1517,-1
1136,2420,-1
1136,2979,1
1137,1862,-1
1137,2024,-1
1138,1793,-1
1140,2629,-1
1141,2303,-1
1142,1414,-1
1142,2448,-1
1145,2822,-1
1146,1526,-1
1146,1840,-1
1146,2825,-1
1146,2983,-1
1147,2555,-1
1148,1256,-1
1148,1569,-1
1150,2817,-1
1152,2736,-1
1155,2531,-1
1157,1286,-1
1159,1975,-1
1159,2366,-1
1162,2284,-1
1166,2697,-1
1167,1849,-1
1171,2809,-1
1173,1665,-1
1175,1993,-1
1175,2454,-1
1176,2163,-1
1177,1258,-1
1178,2378,-1
1179,1869,-1
1179,2653,-1
1182,1208,-1
1184,1489,-1
1185,1937,-1
1186,1540,-1
1187,1929,-1
1187,2153,-1
1187,2331,-1
1187,2554,-1
1188,1434,-1
1189,1472,-1
1189,1916,-1
1190,1353,-1
1191,1401,-1
1192,2532,-1
1192,2789,-1
1194,2058,-1
1194,2139,-1
1194,2196,-1
1195,1773,-1
1195,2626,-1
1197,1561,-1
1197,2014,-1
1197,2213,-1
1199,2272,-1
1201,2429,-1
1201,2549,-1
1201,2904,-1
1203,1700,-1
1204,1553,-1
1205,1911,-1
1208,2842,-1
1209,2136,-1
1209,2278,-1
1210,2923,-1
1211,2050,-1
1212,1513,-1
1212,2169,-1
1212,2308,-1
1215,2354,-1
1216,2130,-1
1217,2106,-1
1217,2593,-1
1218,2850,-1
1220,2199,-1
1220,2447,-1
1221,1359,-1
1221,2039,-1
1223,2865,-1
1224,1293,-1
1227,1622,-1
1228,1625,-1
1228,1852,-1
1228,2195,-1
1228,2382,-1
1231,2863,-1
1234,1760,-1
1237,1697,-1
1237,2068,-1
1238,2098,-1
1238,2459,-1
1239,1881,-1
1240,1336,-1
1242,1633,-1
1245,2045,-1
1245,2202,-1
1245,2316,-1
1246,2324,-1
1247,1790,-1
1248,1271,-1
1250,1388,-1
1250,2082,-1
1252,2332,-1
1253,1388,-1
1253,1580,-1
1253,1751,-1
1254,1481,-1
1254,2890,-1
1257,1699,-1
1258,1811,-1
1258,2853,-1
1259,2178,-1
1260,2910,-1
1261,1899,-1
1263,1574,-1
1266,2207,-1
1266,2943,-1
1267,2201,-1
1267,2348,-1
1268,1959,-1
1268,2716,-1
1270,2914,-1
1271,2941,-1
1275,1637,-1
1280,1324,-1
1280,1938,-1
1285,1459,-1
1285,2377,-1
1285,2594,-1
1285,2731,-1
1286,2384,-1
1287,1395,-1
1290,2862,-1
1294,2280,-1
1296,1742,-1
1297,1608,-1
1298,1699,-1
1300,1366,-1
1301,2843,-1
1302,2342,-1
1304,2296,-1
1304,2711,-1
1305,1324,-1
1307,1511,-1
1309,2821,-1
1311,1498,-1
1311,2890,-1
1314,2261,-1
1314,2552,-1
1315,2882,-1
1317,1625,-1
1317,1670,-1
1318,2240,-1
1318,2348,-1
1319,2465,-1
1322,1889,-1
1323,2490,-1
1326,1965,-1
1328,2667,-1
1329,2332,-1
1331,2046,1
1332,2613,-1
1333,1526,-1
1333,2779,-1
1334,2052,-1
1334,2386,-1
1334,2623,-1
1334,2627,-1
1336,1694,-1
1336,2571,-1
1337,1719,-1
1340,1899,-1
1341,2334,-1
1344,1401,-1
1344,2529,-1
1344,2685,-1
1346,2051,1
1346,2657,-1
1349,1902,-1
1351,1452,-1
1351,1804,-1
1351,2167,-1
1351,2918,-1
1352,2056,-1
1353,2137,-1
1354,2078,-1
1354,2183,-1
1357,2461,-1
1358,1882,-1
1358,1958,-1
1359,1661,-1
1359,2107,-1
1359,2635,-1
1359,2980,-1
1360,2856,-1
1361,1433,-1
1361,2112,-1
1361,2804,-1
1362,2579,-1
1362,2862,-1
1364,1530,-1
1364,1841,-1
1364,2533,-1
1365,2950,-1
1367,1594,-1
1367,2380,-1
1369,2827,-1
1371,2427,-1
1371,2583,-1
1372,2989,-1
1374,2614,-1
1375,2806,-1
1376,2238,-1
1379,1957,-1
1380,2120,-1
1380,2593,-1
1381,1891,-1
1381,2190,-1
1381,2691,-1
1383,2277,-1
1387,1435,-1
1387,1994,-1
1387,2111,1
1387,2447,-1
1387,2704,-1
1389,1664,-1
1390,1685,-1
1390,1698,-1
1390,2853,-1
1394,2863,-1
1395,1837,-1
1396,2306,-1
1397,1649,-1
1399,2773,-1
1401,1994,-1
1402,2082,-1
1406,2442,-1
1406,2579,-1
1408,1929,-1
1411,2383,-1
1414,1684,-1
1415,2563,-1
1416,2050,-1
1417,1600,-1
1417,2766,-1
1418,2913,-1
1419,2066,-1
1423,2527,-1
1424,2831,-1
1427,2828,-1
1428,2311,-1
1428,2364,-1
1429,2094,-1
1429,2598,-1
1433,2014,-1
1433,2017,-1
1435,2434,-1
1435,2764,-1
1437,1594,-1
1438,2312,-1
1439,2312,-1
1441,2767,-1
1443,2453,-1
1443,2867,-1
1444,2015,-1
1444,2351,-1
1444,2653,-1
1445,1577,-1
1447,2393,1
1448,2742,-1
1449,2674,-1
1450,1959,-1
1451,1507,-1
1453,1882,-1
1455,1993,-1
1455,2836,-1
1457,1891,-1
1457,2399,-1
1460,1500,-1
1460,2090,-1
1460,2147,-1
1461,1715,-1
1461,1903,-1
1462,2480,-1
1466,2898,-1
1466,2953,-1
1467,2541,-1
1467,2929,-1
1469,1925,-1
1469,2412,-1
1469,2884,-1
1473,1686,-1
1475,2161,-1
1478,2093,-1
1479,2442,-1
1480,1734,-1
1480,2502,-1
1480,2873,1
1484,2823,-1
1484,2847,-1
1487,1730,-1
1488,2349,-1
1488,2791,-1
1489,2345,-1
1491,2548,-1
1491,2594,-1
1492,2078,-1
1492,2612,-1
1495,1741,-1
1495,2576,-1
1498,1860,-1
1498,2357,-1
1499,2128,-1
1499,2619,-1
1499,2862,-1
1501,2275,-1
1502,2030,-1
1504,2320,-1
1506,2455,-1
1508,1586,-1
1508,2893,-1
1509,1634,-1
1509,2201,-1
1510,1524,1
1510,1528,1
1510,1529,1
1511,1517,1
1511,1519,1
1511,1520,1
1511,1521,1
1512,1522,1
1512,1523,1
1512,1777,-1
1513,1517,1
1513,1518,1
1513,1525,1
1513,1843,-1
1514,1517,1
1514,1518,1
1514,1519,1
1514,1525,1
1514,1528,1
1515,1528,1
1515,1529,1
1515,1654,-1
1516,1523,1
1516,1529,1
1517,1523,1
1518,1519,1
1518,1526,1
1518,2635,-1
1518,2734,-1
1519,1520,1
1519,1528,1
1519,1688,-1
1520,1524,1
1520,1529,1
1521,1524,1
1521,2213,-1
1522,1629,-1
1522,2764,-1
1523,1529,1
1524,1525,1
1524,1526,1
1524,1528,1
1525,1527,1
1525,1529,1
1525,2176,-1
1525,2603,-1
1526,1528,1
1526,1529,1
1526,2252,-1
1526,2427,-1
1526,2732,-1
1530,2349,-1
1531,2848,-1
1533,2357,-1
1534,2178,1
1536,2217,-1
1536,2772,-1
1537,2560,-1
1538,1900,-1
1538,2995,-1
1540,1542,1
1540,1557,1
1541,1545,1
1541,1548,1
1541,1551,1
1541,1553,1
1542,1555,1
1542,1558,1
1542,2782,-1
1543,1544,1
1543,1546,1
1543,1548,1
1543,1556,1
1544,1553,1
1544,1555,1
1544,2825,-1
1545,1935,1
1546,1547,1
1548,1553,1
1548,1559,1
1548,2196,-1
1549,1558,1
1550,1551,1
1551,2076,-1
1551,2289,-1
1552,1558,1
1553,2795,-1
1554,1558,1
1554,1559,1
1555,1981,-1
1559,2724,-1
1561,2262,-1
1561,2470,-1
1561,2923,-1
1564,2638,-1
1565,2812,-1
1567,2390,-1
1569,2109,-1
1570,1572,1
1570,1577,1
1570,1582,1
1570,2098,-1
1570,2535,-1
1570,2546,-1
1571,1582,1
1571,1584,1
1572,1576,1
1573,1580,1
1574,1580,1
1574,1583,1
1574,2672,-1
1575,1585,1
1576,1580,1
1576,1581,1
1576,1588,1
1576,2204,-1
1576,2908,-1
1577,1583,1
1578,1586,1
1578,1589,1
1579,1584,1
1579,1586,1
1579,2572,-1
1580,1583,1
1580,1705,-1
1580,2024,-1
1581,1805,-1
1581,2911,-1
1582,1587,1
1587,1589,1
1587,2503,-1
1589,2206,-1
1589,2814,-1
1590,2073,-1
1592,2352,-1
1593,1826,-1
1596,2835,-1
1600,1602,1
1600,1609,1
1600,1613,1
1600,1615,1
1600,1617,1
1600,2709,-1
1601,1602,1
1602,1607,1
1602,1611,1
1602,1614,1
1603,1606,1
1604,1609,1
1604,1611,1
1604,2280,-1
1605,1615,1
1605,1618,1
1607,1612,1
1607,2387,-1
1607,2524,-1
1608,1611,1
1608,1618,1
1608,1619,1
1609,1616,1
1609,1618,1
1609,1619,1
1609,2525,1
1609,2553,-1
1610,1612,1
1611,1618,1
1611,1619,1
1611,2720,-1
1612,1615,1
1614,2410,-1
1614,2446,-1
1617,2157,-1
1619,2464,-1
1622,2784,-1
1623,2603,-1
1625,1803,-1
1626,2586,-1
1629,2766,1
1630,1632,1
1630,1635,1
1630,1636,1
1630,1637,1
1630,1641,1
1630,1644,1
1630,1647,1
1630,1648,1
1630,1683,-1
1631,1636,1
1631,1644,1
1631,2128,-1
1632,1643,1
1632,2595,-1
1633,1634,1
1633,1638,1
1634,1636,1
1634,1637,-1
1634,1642,1
1634,2804,-1
1635,1636,1
1635,1637,1
1635,2398,-1
1636,1642,1
1636,1647,1
1637,1639,1
1637,1646,1
1637,2082,-1
1638,1640,1
1638,2836,-1
1639,1649,1
1640,1646,1
1640,2385,-1
1640,2534,-1
1642,1646,-1
1643,2824,-1
1644,1647,1
1644,1649,1
1645,1646,1
1646,1647,1
1646,1649,1
1646,2457,-1
1647,1934,-1
1647,2327,-1
1649,2391,-1
1653,2339,-1
1653,2568,-1
1655,1830,-1
1656,2169,-1
1657,2278,-1
1657,2991,-1
1660,1663,1
1660,1669,1
1660,1672,1
1660,1677,1
1661,1670,1
1661,1674,1
1661,1771,-1
1661,1867,-1
1661,2760,-1
1662,1667,1
1662,1673,1
1662,2571,-1
1663,1667,1
1663,1678,1
1663,2139,-1
1664,1671,1
1665,1674,1
1665,1724,-1
1665,2112,-1
1665,2180,-1
1666,1667,1
1666,1675,1
1666,2713,-1
1667,1673,1
1667,1947,-1
1667,2724,-1
1668,1670,-1
1668,1681,-1
1668,1882,-1
1669,1670,1
1669,1671,1
1669,1679,1
1670,2232,-1
1670,2725,-1
1671,1678,1
1671,2760,-1
1672,2121,-1
1673,1674,1
1673,1676,1
1673,2316,-1
1673,2476,-1
1674,1678,1
1675,1725,-1
1675,2899,-1
1676,1817,-1
1676,2319,-1
1676,2429,-1
1677,1824,-1
1677,2329,-1
1678,2363,-1
1685,2264,-1
1685,2762,-1
1686,2315,-1
1688,2294,-1
1690,1707,1
1690,2112,-1
1690,2531,-1
1691,1694,1
1691,1701,1
1691,1702,1
1692,1695,1
1692,1697,1
1692,1701,1
1692,1708,1
1693,1702,1
1693,1707,1
1694,1695,1
1694,1708,1
1694,2503,-1
1695,1703,1
1695,1707,1
1695,2808,-1
1696,1700,1
1696,1844,-1
1696,2642,-1
1697,1708,1
1697,1912,-1
1698,1699,1
1698,1700,1
1699,1704,1
1699,1707,-1
1699,1708,1
1699,2208,-1
1700,1701,1
1700,1702,1
1701,1702,1
1701,1703,1
1701,1946,-1
1701,2554,-1
1703,1705,1
1703,1707,1
1703,1708,1
1703,1709,1
1704,1706,1
1704,1707,1
1704,1882,-1
1706,1708,1
1707,1708,1
1709,1781,-1
1713,2884,-1
1713,2912,-1
1714,2374,-1
1715,2303,-1
1717,1803,-1
1717,2695,-1
1718,2170,-1
1720,1727,1
1720,1735,1
1720,1847,-1
1720,2454,-1
1721,1730,1
1722,1725,1
1722,1739,1
1723,1732,1
1723,1738,1
1724,1728,1
1724,1731,1
1724,2503,-1
1725,1737,1
1725,1751,1
1726,1727,1
1726,1728,1
1726,1834,-1
1726,2792,-1
1727,1736,-1
1727,1739,1
1728,1731,1
1728,1732,1
1728,1733,1
1728,1734,1
1728,1735,1
1728,1736,1
1728,1738,1
1729,1731,1
1730,1733,1
1730,2937,-1
1731,1738,1
1732,1737,1
1734,2906,-1
1735,1739,1
1736,1739,1
1737,1738,1
1737,1739,1
1740,2401,-1
1740,2853,-1
1741,1941,-1
1741,2004,-1
1741,2286,-1
1742,1793,-1
1743,2482,-1
1744,2212,-1
1746,2412,-1
1747,2701,-1
1747,2764,-1
1750,1757,1
1750,1759,1
1751,1762,1
1751,1764,1
1751,1766,1
1751,1767,1
1751,2337,-1
1752,1755,1
1752,1756,1
1752,1761,1
1753,1758,1
1753,1767,1
1753,2540,-1
1754,1756,1
1754,1758,1
1754,1769,1
1755,1768,1
1755,2511,-1
1756,1780,-1
1757,1767,1
1758,1762,1
1758,2378,-1
1759,1766,1
1759,2192,-1
1760,1768,1
1761,1762,-1
1761,1763,1
1761,1766,1
1761,2430,-1
1763,2622,-1
1764,1767,1
1764,1769,1
1764,2461,-1
1765,1769,1
1769,1937,-1
1769,2090,-1
1772,1838,-1
1772,2691,-1
1774,2469,-1
1774,2743,-1
1778,2465,-1
1780,1785,1
1780,1796,1
1780,1797,1
1780,2584,-1
1781,1786,1
1781,1794,1
1781,1796,1
1781,1799,1
1781,1808,-1
1782,1786,-1
1782,1796,1
1782,1799,1
1782,2803,-1
1783,1798,1
1783,1799,1
1783,2595,-1
1783,2780,-1
1784,1786,1
1784,1796,1
1785,1796,1
1785,1798,1
1785,1871,-1
1785,2689,-1
1786,1789,1
1786,1792,1
1786,2866,-1
1787,1798,1
1788,1791,1
1788,1794,1
1788,1799,1
1790,1792,1
1790,1798,1
1790,2475,-1
1792,1793,1
1792,1796,1
1792,1798,1
1793,1794,1
1793,2630,-1
1794,1795,1
1794,2301,1
1795,2247,-1
1796,1797,1
1796,2929,-1
1798,1799,1
1798,2851,-1
1799,1905,-1
1802,2891,-1
1804,2309,-1
1804,2780,-1
1807,2825,-1
1808,2831,-1
1810,1814,1
1810,1820,1
1810,1822,1
1810,1823,1
1811,1819,1
1811,2746,-1
1811,2784,-1
1811,2900,-1
1812,1815,1
1812,2392,-1
1813,1825,1
1814,1815,1
1814,1820,1
1814,2652,-1
1815,1823,1
1815,1826,1
1815,1827,1
1816,1817,1
1817,1819,1
1817,1826,1
1817,1829,-1
1817,2084,-1
1818,1827,1
1819,1820,1
1819,2994,-1
1820,1821,1
1820,1822,1
1820,1824,1
1820,1825,1
1820,1828,1
1821,1826,1
1822,1826,1
1822,1925,-1
1822,2275,-1
1822,2328,-1
1822,2431,-1
1824,2196,-1
1829,1971,-1
1830,2552,-1
1830,2946,-1
1832,2503,-1
1836,2502,-1
1836,2975,-1
1837,1921,-1
1838,2419,-1
1840,1849,1
1841,1842,1
1842,1844,1
1842,2619,-1
1842,2929,-1
1843,1851,1
1843,1854,1
1844,1845,1
1844,1854,1
1844,1856,1
1844,1945,-1
1844,2109,-1
1845,1846,1
1845,1852,1
1845,2716,-1
1846,2532,-1
1847,1849,1
1847,1857,1
1847,1858,1
1848,1852,1
1848,1854,1
1848,1859,1
1848,2012,-1
1848,2875,-1
1848,2907,-1
1850,1857,1
1851,1852,1
1851,1856,1
1851,1857,1
1852,1855,1
1852,1857,1
1852,1931,-1
1852,2568,-1
1853,1854,1
1854,1855,1
1854,2658,-1
1856,1858,1
1856,2389,-1
1858,1966,-1
1859,2934,-1
1860,1995,-1
1861,2129,-1
1866,2337,-1
1866,2722,-1
1866,2751,-1
1866,2936,-1
1870,1888,1
1871,1883,1
1871,1889,1
1872,1877,1
1872,1887,1
1873,1875,1
1873,1876,1
1873,1884,1
1873,2291,-1
1873,2705,-1
1874,1877,1
1874,1878,1
1874,1882,1
1874,1884,1
1874,1886,1
1874,1887,1
1875,1885,1
1875,1888,1
1876,1884,1
1876,1889,1
1876,2015,-1
1876,2349,-1
1877,1880,1
1877,1889,1
1878,1880,1
1878,1885,1
1879,1888,1
1880,1881,1
1880,1882,1
1880,1884,-1
1880,2078,-1
1880,2455,-1
1880,2548,-1
1881,1889,1
1881,2985,-1
1882,1887,1
1883,1886,1
1883,2375,-1
1884,1886,1
1884,1888,1
1884,2136,-1
1885,1888,1
1886,1888,1
1889,2073,-1
1892,2922,-1
1894,2056,-1
1895,2068,-1
1895,2828,-1
1899,2475,-1
1900,1911,1
1900,1912,1
1900,1913,1
1900,1917,1
1900,1919,1
1900,2005,-1
1901,1903,1
1901,1915,1
1901,1918,1
1902,1912,1
1902,1917,1
1902,1919,1
1903,1909,1
1903,1913,1
1903,1919,1
1904,1910,1
1904,1912,1
1904,1918,1
1905,1908,1
1905,1911,1
1905,1912,1
1905,1915,1
1905,1917,1
1905,2499,-1
1906,1914,1
1906,1915,1
1906,2118,-1
1907,1909,1
1908,1909,1
1908,1916,1
1909,1918,1
1910,1914,1
1910,2224,-1
1911,1917,1
1912,1914,1
1912,2400,-1
1913,1914,1
1913,1915,1
1913,1916,1
1914,1916,1
1915,1918,1
1915,1919,1
1915,2755,-1
1916,1986,-1
1916,2518,-1
1917,2065,-1
1917,2102,-1
1930,1936,1
1930,1943,1
1930,1949,1
1930,2093,-1
1930,2120,-1
1931,1937,1
1931,1939,1
1931,1941,1
1931,1943,1
1931,1948,1
1931,2288,-1
1932,1946,1
1933,1938,1
1933,1941,1
1933,1991,-1
1933,2109,-1
1934,1937,1
1934,1940,1
1935,1939,1
1935,1944,1
1935,1947,1
1936,1937,1
1936,2623,-1
1936,2978,-1
1937,1938,1
1937,1940,1
1937,1941,1
1937,1947,1
1937,2107,-1
1938,1942,1
1938,1945,1
1938,1946,1
1939,1947,1
1940,1941,1
1940,1948,1
1941,1945,1
1942,1947,1
1942,2311,1
1943,1948,1
1944,2140,-1
1946,2038,-1
1947,2095,-1
1951,2826,-1
1956,2776,-1
1956,2814,-1
1957,2077,-1
1958,2084,-1
1958,2516,-1
1960,1970,1
1960,1972,1
1961,1966,1
1961,1970,-1
1961,1973,1
1961,1978,1
1961,2354,-1
1962,1964,1
1962,1970,1
1963,1979,1
1963,2810,-1
1964,1967,1
1964,1970,1
1964,1971,1
1964,1977,1
1964,1979,1
1964,2504,-1
1965,1966,1
1965,1969,1
1965,1971,1
1965,1973,1
1965,1974,1
1966,1967,1
1966,1971,1
1967,1974,1
1968,1969,1
1968,1977,1
1970,1971,1
1970,1989,-1
1971,1977,1
1972,1977,1
1972,1978,1
1972,2416,-1
1972,2501,-1
1973,1974,-1
1973,2225,-1
1973,2731,-1
1975,1976,1
1975,2895,-1
1976,2419,-1
1977,1978,1
1979,2693,-1
1980,2569,-1
1980,2945,-1
1981,2990,-1
1985,2418,-1
1987,2002,-1
1988,2991,-1
1990,1996,1
1990,1997,1
1990,2001,1
1990,2004,1
1990,2006,1
1991,2002,1
1991,2068,-1
1991,2858,-1
1992,2002,1
1993,1996,1
1993,1998,-1
1993,2008,1
1994,1995,1
1994,1997,1
1994,2001,1
1994,2003,1
1995,1996,1
1995,2003,1
1995,2009,1
1996,2006,1
1997,2001,1
1997,2836,-1
1998,2002,1
1998,2008,1
1998,2009,1
1999,2003,1
1999,2013,-1
2000,2006,1
2000,2279,-1
2000,2823,-1
2001,2005,1
2003,2613,-1
2004,2007,1
2004,2008,1
2005,2006,1
2006,2007,1
2006,2472,-1
2006,2477,-1
2007,2009,1
2007,2978,-1
2008,2339,-1
2011,2377,-1
2015,2085,-1
2015,2623,-1
2018,2860,-1
2020,2024,1
2020,2026,1
2020,2030,1
2020,2036,1
2020,2038,1
2021,2029,1
2021,2031,1
2021,2034,1
2021,2037,1
2021,2044,-1
2021,2385,-1
2022,2031,1
2022,2032,1
2022,2172,-1
2023,2035,1
2023,2037,1
2025,2034,1
2026,2028,1
2026,2031,1
2026,2038,1
2026,2039,1
2027,2037,1
2027,2823,-1
2027,2926,-1
2027,2936,-1
2028,2030,1
2029,2031,1
2030,2031,1
2030,2033,1
2030,2034,1
2030,2038,1
2031,2116,-1
2032,2034,1
2032,2039,1
2032,2172,-1
2032,2554,-1
2034,2107,-1
2034,2839,-1
2035,2289,-1
2037,2420,-1
2037,2600,-1
2041,2821,-1
2046,2249,-1
2046,2341,-1
2048,2511,-1
2050,2054,1
2050,2063,1
2050,2064,1
2050,2069,1
2050,2732,-1
2051,2053,1
2051,2064,1
2052,2056,1
2053,2062,1
2054,2058,1
2054,2059,1
2054,2065,1
2054,2649,-1
2055,2063,1
2056,2059,1
2056,2061,1
2056,2065,1
2057,2059,-1
2057,2066,1
2058,2061,1
2058,2067,1
2060,2063,1
2060,2066,1
2061,2508,-1
2062,2067,1
2062,2068,1
2062,2654,-1
2062,2704,-1
2063,2427,-1
2064,2065,1
2066,2100,-1
2068,2281,-1
2068,2793,-1
2069,2564,-1
2070,2242,-1
2072,2144,-1
2073,2365,-1
2073,2638,-1
2075,2968,-1
2077,2407,-1
2077,2793,-1
2078,2286,-1
2079,2086,-1
2079,2476,-1
2080,2091,1
2080,2094,1
2080,2097,1
2081,2085,1
2081,2088,1
2081,2096,1
2082,2086,1
2083,2092,1
2083,2263,-1
2084,2086,1
2084,2094,1
2085,2090,1
2085,2095,1
2085,2765,-1
2086,2093,1
2086,2095,1
2086,2098,1
2087,2099,1
2087,2245,-1
2087,2264,-1
2088,2089,1
2088,2090,1
2090,2091,1
2090,2093,1
2090,2094,1
2090,2099,1
2090,2251,-1
2091,2330,-1
2092,2093,1
2093,2750,-1
2095,2712,-1
2096,2097,1
2096,2636,-1
2097,2099,1
2101,2255,-1
2105,2803,-1
2106,2179,-1
2109,2501,-1
2110,2805,-1
2118,2392,-1
2120,2139,-1
2120,2173,-1
2120,2918,1
2124,2523,-1
2125,2355,-1
2125,2420,-1
2125,2578,-1
2125,2836,-1
2127,2338,-1
2137,2433,-1
2139,2313,-1
2149,2252,-1
2151,2364,-1
2154,2354,-1
2155,2886,-1
2157,2647,-1
2160,2557,-1
2163,2410,-1
2164,2387,-1
2166,2377,-1
2166,2718,-1
2170,2583,-1
2173,2732,-1
2174,2345,-1
2174,2934,-1
2175,2908,-1
2180,2380,-1
2181,2336,-1
2185,2244,-1
2186,2737,-1
2186,2906,-1
2188,2938,-1
2189,2767,-1
2193,2802,-1
2194,2570,-1
2198,2386,-1
2204,2419,-1
2204,2605,-1
2207,2801,-1
2209,2487,-1
2212,2959,-1
2213,2938,-1
2215,2604,-1
2215,2729,-1
2215,2994,-1
2219,2612,-1
2221,2663,-1
2222,2548,-1
2224,2468,-1
2229,2447,-1
2232,2577,-1
2235,2918,-1
2240,2397,-1
2243,2978,-1
2245,2727,-1
2248,2696,-1
2249,2891,-1
2254,2642,-1
2260,2547,-1
2263,2801,-1
2267,2901,-1
2270,2337,-1
2272,2582,-1
2275,2890,-1
2276,2313,-1
2276,2741,-1
2278,2951,-1
2283,2774,-1
2284,2612,-1
2286,2488,-1
2286,2704,-1
2295,2986,-1
2299,2918,-1
2303,2438,-1
2305,2595,-1
2307,2642,-1
2308,2752,-1
2309,2483,-1
2311,2615,-1
2312,2473,-1
2317,2520,-1
2317,2588,-1
2322,2407,-1
2328,2980,-1
2329,2924,-1
2331,2569,1
2334,2558,-1
2339,2915,-1
2345,2790,-1
2346,2806,-1
2350,2412,-1
2359,2810,-1
2361,2641,-1
2367,2780,-1
2368,2435,-1
2370,2961,-1
2373,2999,-1
2376,2468,-1
2380,2804,-1
2382,2503,-1
2390,2864,-1
2392,2540,-1
2394,2932,-1
2398,2633,-1
2404,2571,-1
2404,2807,-1
2414,2797,-1
2416,2693,-1
2420,2646,-1
2422,2712,-1
2425,2871,-1
2427,2914,-1
2428,2636,-1
2437,2821,-1
2438,2643,-1
2444,2560,-1
2451,2685,-1
2455,2853,-1
2459,2785,-1
2467,2671,-1
2472,2958,-1
2474,2782,-1
2479,2770,-1
2485,2787,-1
2489,2496,-1
2495,2799,-1
2496,2759,-1
2497,2803,-1
2502,2865,-1
2503,2695,-1
2504,2872,-1
2505,2852,-1
2505,2986,-1
2510,2924,-1
2511,2878,-1
2518,2814,-1
2519,2820,-1
2521,2606,-1
2521,2760,-1
2529,2625,-1
2532,2832,-1
2535,2667,-1
2539,2623,-1
2544,2764,-1
2546,2830,-1
2548,2953,-1
2550,2562,1
2550,2571,1
2550,2573,1
2551,2557,1
2551,2558,1
2551,2563,1
2551,2566,1
2551,2568,1
2551,2569,1
2551,2570,1
2552,2567,1
2552,2570,1
2552,2578,1
2553,2557,1
2553,2562,1
2553,2565,1
2553,2566,1
2554,2555,1
2554,2563,1
2554,2567,1
2554,2579,1
2555,2558,1
2555,2559,1
2555,2566,1
2555,2567,-1
2555,2572,1
2555,2909,-1
2556,2557,1
2556,2558,-1
2556,2563,1
2557,2571,1
2557,2574,1
2557,2575,1
2557,2576,1
2557,2577,1
2558,2560,1
2558,2566,1
2558,2569,1
2558,2571,1
2559,2567,1
2559,2569,1
2559,2571,1
2560,2575,1
2561,2574,1
2562,2576,1
2563,2570,1
2563,2573,1
2564,2579,1
2565,2574,1
2565,2578,1
2566,2571,1
2566,2573,1
2566,2577,1
2570,2573,1
2572,2577,1
2574,2759,-1
2575,2579,1
2576,2980,-1
2580,2587,1
2580,2592,1
2580,2595,1
2580,2673,-1
2581,2586,1
2581,2596,1
2581,2599,1
2581,2600,1
2581,2602,1
2581,2605,1
2581,2608,1
2582,2584,1
2582,2631,-1
2583,2584,1
2583,2587,1
2583,2593,1
2583,2594,1
2583,2595,1
2583,2602,1
2583,2606,1
2583,2607,1
2584,2586,1
2584,2595,1
2584,2599,1
2584,2601,1
2584,2606,1
2585,2587,1
2585,2609,1
2586,2587,1
2586,2596,1
2586,2598,1
2587,2597,1
2587,2603,1
2587,2946,-1
2588,2589,1
2588,2596,1
2588,2604,1
2588,2608,1
2590,2591,1
2590,2592,1
2590,2594,1
2590,2599,1
2590,2608,1
2591,2597,1
2591,2603,1
2592,2602,1
2592,2605,1
2592,2606,1
2593,2595,1
2593,2607,1
2593,2949,-1
2594,2598,1
2594,2603,1
2594,2604,1
2595,2603,1
2595,2605,1
2595,2763,-1
2596,2597,1
2597,2600,1
2597,2602,1
2597,2604,1
2597,2605,1
2597,2705,-1
2598,2604,1
2598,2609,1
2599,2608,1
2599,2609,1
2602,2606,1
2603,2605,1
2603,2608,1
2603,2609,1
2603,2672,1
2605,2608,1
2609,2701,-1
2610,2620,1
2610,2627,1
2610,2632,1
2611,2613,1
2611,2621,1
2611,2630,1
2611,2633,1
2612,2616,1
2612,2619,1
2612,2633,1
2612,2638,1
2613,2620,1
2613,2623,1
2613,2626,1
2613,2632,1
2613,2639,1
2614,2626,1
2614,2635,1
2614,2636,1
2614,2918,-1
2615,2625,1
2615,2627,1
2615,2630,1
2615,2636,1
2616,2623,1
2616,2627,1
2616,2631,1
2616,2637,1
2616,2876,-1
2617,2635,1
2617,2639,1
2617,2967,-1
2618,2629,1
2618,2633,1
2619,2631,1
2619,2635,1
2619,2637,1
2620,2625,1
2620,2626,1
2620,2627,1
2620,2634,1
2621,2632,1
2622,2623,1
2622,2637,1
2623,2626,1
2623,2630,1
2623,2637,1
2624,2628,1
2624,2637,1
2626,2636,1
2627,2727,-1
2628,2629,1
2628,2637,1
2629,2637,1
2631,2633,1
2632,2638,1
2632,2639,1
2632,2853,-1
2633,2637,1
2633,2986,-1
2634,2639,1
2635,2978,-1
2636,2638,1
2640,2643,1
2640,2653,1
2640,2660,-1
2641,2643,1
2641,2644,1
2641,2649,1
2641,2653,1
2641,2657,1
2641,2841,-1
2642,2650,1
2642,2654,1
2642,2659,1
2642,2663,1
2642,2667,1
2643,2656,1
2643,2659,1
2643,2660,1
2643,2667,1
2644,2650,1
2644,2659,1
2645,2646,1
2645,2648,1
2645,2652,1
2645,2654,1
2645,2661,1
2645,2662,1
2646,2649,1
2646,2663,1
2646,2668,1
2647,2655,1
2647,2662,1
2647,2663,1
2647,2936,-1
2649,2667,1
2649,2668,1
2650,2653,1
2650,2659,1
2650,2664,1
2651,2659,1
2651,2660,1
2651,2666,1
2652,2654,1
2652,2668,1
2653,2656,1
2653,2659,1
2653,2661,1
2653,2668,1
2654,2655,1
2654,2660,1
2654,2664,1
2654,2667,1
2655,2657,1
2655,2664,1
2656,2657,1
2656,2661,1
2656,2662,1
2657,2660,1
2657,2665,1
2658,2665,1
2659,2664,1
2659,2667,1
2659,2669,-1
2660,2667,1
2663,2665,1
2663,2668,1
2663,2669,1
2665,2669,1
2666,2667,1
2666,2669,1
2667,2669,1
2669,2688,-1
2670,2671,1
2670,2677,1
2670,2679,1
2670,2684,1
2670,2690,1
2670,2691,1
2670,2693,1
2670,2844,-1
2670,2940,-1
2671,2674,1
2671,2675,1
2671,2678,1
2671,2684,1
2672,2674,1
2672,2680,1
2672,2689,1
2672,2693,1
2673,2674,1
2673,2677,1
2673,2690,1
2673,2693,1
2673,2820,-1
2674,2678,1
2674,2680,1
2674,2686,1
2675,2677,1
2675,2693,1
2675,2695,1
2675,2698,1
2676,2694,1
2676,2699,1
2677,2679,1
2677,2688,1
2677,2693,1
2677,2696,1
2678,2686,1
2678,2692,1
2679,2691,1
2679,2693,1
2679,2695,1
2679,2697,1
2680,2683,1
2681,2691,1
2681,2692,1
2682,2685,1
2682,2688,1
2682,2692,1
2683,2685,1
2683,2691,1
2683,2694,1
2684,2698,1
2685,2690,1
2685,2697,1
2686,2921,-1
2687,2689,1
2687,2754,-1
2687,2895,-1
2689,2690,1
2690,2693,1
2692,2698,1
2694,2696,1
2694,2730,-1
2695,2726,-1
2700,2707,1
2700,2712,1
2700,2714,1
2700,2715,1
2700,2717,1
2700,2721,1
2700,2726,1
2700,2728,1
2701,2712,1
2701,2716,1
2701,2724,1
2702,2703,1
2702,2704,1
2702,2711,1
2702,2715,1
2702,2718,1
2702,2725,1
2703,2704,1
2703,2710,1
2703,2715,1
2703,2978,-1
2704,2707,1
2704,2711,1
2704,2718,1
2704,2719,1
2704,2722,1
2704,2823,-1
2705,2726,1
2705,2727,1
2706,2708,1
2706,2720,1
2706,2725,1
2707,2716,1
2707,2949,-1
2708,2709,1
2708,2711,1
2708,2724,1
2708,2726,1
2708,2728,1
2708,2729,-1
2709,2713,1
2710,2717,1
2710,2722,1
2710,2725,1
2711,2712,1
2711,2713,1
2711,2722,1
2711,2728,1
2712,2716,1
2712,2726,1
2713,2727,1
2714,2716,1
2714,2717,1
2714,2727,1
2715,2720,1
2715,2721,1
2715,2724,-1
2715,2727,1
2715,2728,1
2716,2718,1
2717,2719,1
2717,2726,1
2718,2723,1
2718,2725,1
2718,2729,1
2719,2726,1
2720,2722,1
2720,2729,1
2721,2746,-1
2721,2770,1
2722,2725,1
2722,2726,1
2722,2728,1
2723,2726,1
2723,2729,1
2725,2727,1
2726,2729,1
2730,2733,1
2730,2738,1
2730,2747,1
2730,2750,-1
2731,2735,1
2731,2739,1
2732,2734,1
2732,2736,1
2732,2739,1
2733,2734,1
2733,2756,1
2734,2738,1
2734,2739,1
2734,2746,1
2734,2747,1
2734,2750,1
2734,2752,1
2734,2755,1
2735,2742,1
2735,2755,1
2736,2742,1
2736,2750,1
2737,2738,1
2737,2753,1
2737,2754,1
2738,2741,1
2738,2743,1
2738,2747,1
2738,2752,1
2738,2757,1
2739,2753,1
2739,2758,1
2740,2748,1
2740,2749,1
2741,2744,1
2741,2759,1
2742,2752,1
2742,2756,1
2743,2747,1
2743,2749,1
2743,2752,1
2743,2755,1
2744,2749,1
2744,2752,1
2745,2751,1
2745,2754,1
2745,2852,-1
2746,2748,1
2746,2754,1
2746,2755,1
2746,2756,1
2746,2759,1
2747,2753,1
2747,2911,-1
2748,2756,1
2750,2751,1
2751,2758,1
2752,2755,1
2752,2756,1
2752,2759,1
2753,2755,1
2754,2755,1
2754,2757,1
2754,2932,-1
2757,2759,1
2758,2759,1
2760,2774,1
2760,2782,1
2760,2785,1
2761,2773,1
2761,2774,1
2761,2776,1
2761,2778,1
2762,2764,1
2762,2778,1
2762,2781,1
2763,2772,1
2764,2766,1
2764,2780,1
2764,2782,1
2764,2783,1
2765,2769,1
2765,2771,1
2766,2783,1
2766,2787,1
2767,2777,1
2767,2778,1
2767,2784,1
2768,2777,1
2768,2785,-1
2768,2786,1
2768,2981,-1
2769,2771,1
2769,2774,1
2769,2783,1
2770,2782,1
2770,2855,-1
2772,2773,1
2772,2777,1
2772,2780,1
2772,2785,1
2773,2774,1
2773,2788,1
2774,2788,1
2774,2789,1
2775,2780,1
2776,2784,1
2776,2785,1
2776,2933,-1
2777,2784,1
2778,2782,1
2778,2787,1
2778,2789,1
2779,2784,1
2780,2782,1
2780,2788,1
2781,2783,1
2781,2784,1
2782,2785,1
2783,2786,1
2783,2788,1
2786,2874,-1
2787,2788,1
2790,2796,1
2790,2810,1
2790,2817,1
2791,2796,1
2791,2797,1
2791,2809,-1
2791,2816,1
2792,2801,1
2792,2806,1
2792,2819,1
2793,2795,1
2793,2803,1
2793,2805,1
2793,2807,1
2793,2812,1
2793,2815,1
2794,2799,1
2794,2802,1
2794,2803,1
2794,2808,1
2794,2809,1
2794,2811,1
2795,2810,-1
2795,2813,1
2795,2815,-1
2795,2816,1
2795,2819,1
2796,2798,1
2796,2801,1
2796,2805,1
2796,2808,1
2797,2804,1
2797,2811,1
2797,2817,1
2798,2805,1
2798,2814,1
2798,2815,1
2798,2816,1
2798,2817,1
2799,2802,1
2799,2818,1
2799,2819,1
2800,2802,1
2800,2804,1
2800,2813,1
2800,2816,1
2801,2803,1
2801,2812,1
2801,2818,1
2802,2815,1
2802,2817,1
2803,2809,1
2803,2810,1
2803,2813,1
2803,2877,-1
2805,2806,1
2805,2810,1
2805,2817,1
2806,2815,1
2806,2819,1
2808,2810,1
2808,2812,1
2809,2814,1
2809,2815,1
2810,2818,1
2812,2813,1
2813,2815,1
2814,2818,1
2816,2819,1
2820,2821,-1
2820,2824,1
2820,2844,1
2821,2823,1
2821,2834,1
2821,2835,1
2822,2825,1
2822,2826,1
2822,2831,1
2822,2832,1
2822,2834,1
2822,2841,1
2822,2845,1
2822,2846,1
2822,2847,-1
2823,2845,1
2823,2913,-1
2823,2986,-1
2824,2832,1
2824,2840,1
2824,2844,1
2825,2827,-1
2825,2828,1
2825,2836,1
2826,2846,1
2827,2838,1
2827,2846,1
2827,2847,1
2827,2848,1
2828,2839,1
2828,2843,1
2828,2846,1
2828,2848,1
2829,2845,1
2830,2834,1
2830,2843,1
2831,2841,1
2832,2835,1
2833,2840,1
2833,2846,1
2833,2848,1
2834,2844,1
2834,2848,1
2835,2836,1
2835,2845,1
2835,2846,1
2835,2849,1
2836,2843,1
2837,2842,1
2838,2839,1
2838,2849,1
2839,2840,1
2840,2846,1
2840,2848,1
2842,2849,1
2843,2847,1
2850,2859,1
2850,2863,1
2850,2866,1
2850,2871,1
2850,2878,1
2851,2860,1
2851,2877,1
2851,2879,1
2852,2862,1
2852,2866,1
2852,2869,1
2852,2871,1
2852,2876,1
2852,2878,1
2853,2861,1
2853,2873,1
2854,2857,1
2854,2859,1
2854,2868,1
2854,2881,-1
2855,2861,1
2855,2865,1
2855,2868,1
2855,2876,1
2856,2871,1
2856,2879,1
2857,2861,1
2858,2859,1
2858,2866,1
2858,2868,1
2858,2875,1
2858,2879,1
2859,2862,1
2859,2871,1
2859,2874,1
2859,2878,1
2861,2870,1
2861,2872,1
2861,2879,1
2862,2863,1
2862,2870,1
2862,2872,1
2863,2869,1
2863,2878,1
2864,2866,1
2865,2866,1
2865,2873,1
2865,2877,1
2865,2879,1
2866,2878,1
2866,2879,1
2867,2873,1
2867,2879,1
2868,2870,1
2869,2870,1
2869,2871,1
2869,2877,1
2870,2872,1
2870,2877,1
2870,2955,-1
2871,2874,1
2874,2875,1
2874,2876,1
2878,2879,1
2880,2881,1
2880,2896,1
2881,2885,1
2881,2892,1
2881,2895,1
2882,2889,1
2882,2896,1
2882,2901,1
2882,2906,1
2882,2908,1
2883,2886,1
2883,2899,1
2883,2902,1
2883,2909,1
2884,2894,1
2884,2903,1
2884,2904,1
2884,2908,1
2885,2901,1
2885,2903,1
2885,2905,1
2886,2889,1
2886,2890,1
2886,2891,1
2886,2897,1
2886,2899,1
2886,2901,1
2887,2905,1
2887,2906,1
2888,2893,1
2888,2894,1
2888,2895,1
2888,2903,1
2889,2905,1
2889,2906,1
2889,2907,1
2890,2897,-1
2890,2905,1
2891,2894,1
2891,2897,1
2892,2894,1
2892,2901,-1
2892,2906,1
2893,2899,1
2893,2901,1
2894,2898,1
2895,2899,1
2895,2902,1
2895,2903,1
2895,2945,-1
2896,2901,1
2896,2906,1
2899,2900,1
2899,2901,1
2899,2903,1
2899,2908,1
2901,2907,1
2903,2904,1
2903,2909,1
2904,2908,1
2905,2909,1
2907,2908,1
2907,2956,-1
2910,2939,1
2911,2913,1
2911,2920,1
2911,2934,1
2911,2936,1
2912,2917,1
2912,2920,1
2912,2926,1
2912,2928,1
2913,2918,1
2913,2921,1
2913,2923,1
2913,2931,1
2913,2938,1
2914,2916,1
2914,2919,1
2914,2921,1
2914,2927,1
2914,2933,1
2914,2937,1
2915,2916,1
2915,2917,1
2915,2919,1
2915,2930,1
2915,2931,1
2915,2933,1
2916,2924,1
2916,2925,1
2916,2930,1
2917,2919,1
2917,2932,1
2917,2939,1
2918,2922,1
2918,2928,1
2918,2930,1
2918,2938,1
2919,2922,1
2919,2923,1
2919,2929,1
2919,2931,1
2919,2935,1
2920,2922,1
2920,2926,1
2920,2929,1
2921,2933,1
2921,2934,1
2921,2935,1
2921,2938,1
2922,2932,1
2922,2934,1
2922,2939,1
2923,2930,1
2923,2932,1
2923,2934,1
2924,2925,1
2924,2934,1
2925,2927,1
2925,2928,1
2925,2930,1
2925,2932,1
2925,2939,1
2926,2927,1
2926,2932,1
2926,2939,1
2927,2935,1
2928,2929,1
2928,2931,1
2928,2934,1
2928,2935,1
2928,2939,1
2929,2931,1
2930,2934,1
2930,2936,1
2931,2932,1
2932,2933,1
2932,2937,1
2933,2939,1
2934,2939,1
2934,2965,-1
2935,2995,-1
2940,2944,1
2940,2955,1
2940,2961,1
2940,2963,1
2941,2943,1
2941,2954,-1
2941,2957,1
2941,2958,1
2941,2961,1
2941,2968,1
2942,2966,1
2943,2948,1
2943,2949,1
2943,2950,1
2943,2953,1
2943,2957,1
2943,2966,1
2944,2945,1
2944,2949,1
2944,2950,1
2944,2952,1
2944,2954,1
2945,2946,1
2945,2947,1
2945,2955,1
2945,2959,1
2945,2966,1
2946,2949,1
2946,2954,1
2946,2968,1
2947,2956,1
2947,2963,1
2948,2958,1
2949,2962,1
2950,2954,1
2950,2958,1
2951,2959,1
2952,2954,1
2952,2958,1
2952,2966,1
2953,2954,1
2954,2968,1
2955,2957,1
2956,2959,1
2957,2964,1
2957,2969,1
2958,2966,1
2958,2969,1
2959,2995,-1
2960,2961,1
2960,2962,1
2960,2966,1
2960,2969,1
2961,2969,1
2962,2966,1
2963,2965,1
2963,2966,1
2963,2967,1
2964,2968,1
2970,2975,1
2970,2980,1
2970,2984,1
2970,2986,1
2970,2994,1
2970,2997,1
2971,2975,1
2971,2980,1
2971,2981,1
2971,2983,1
2971,2984,-1
2971,2986,1
2971,2987,1
2972,2980,1
2972,2987,1
2972,2998,1
2972,2999,1
2973,2977,1
2973,2982,1
2973,2996,1
2974,2993,1
2975,2993,1
2976,2979,1
2976,2985,1
2977,2987,1
2977,2992,1
2977,2995,1
2978,2985,1
2978,2987,1
2978,2992,1
2979,2981,1
2980,2988,1
2980,2994,1
2981,2983,1
2981,2993,1
2982,2990,1
2983,2984,1
2983,2993,1
2984,2990,1
2984,2993,1
2984,2995,1
2985,2998,1
2986,2987,1
2986,2990,1
2986,2991,1
2986,2993,1
2987,2992,1
2987,2999,1
2988,2989,1
2988,2994,1
2988,2999,1
2989,2998,1
2990,2993,1
2990,2997,1
2991,2992,1
2991,2993,1
2991,2997,1
2992,2995,1
2993,2995,1
2993,2999,1
2995,2998,1
2997,2998,1
2997,2999,1
2998,2999,1
