0,5,1
0,25,1
0,26,1
0,28,1
0,2019,-1
1,5,1
1,6,1
1,9,1
1,10,1
1,17,1
1,18,1
1,25,1
1,1058,-1
1,1227,-1
2,3,1
2,5,1
2,6,1
2,7,1
2,10,1
2,16,1
2,24,1
3,11,1
3,12,1
3,21,1
3,29,1
3,380,-1
4,10,1
4,12,1
4,15,1
4,17,1
4,20,1
4,22,1
4,309,-1
4,977,-1
4,1153,-1
4,1632,-1
4,2819,-1
5,6,1
5,13,1
5,21,1
5,26,1
5,1687,-1
6,7,1
6,11,1
6,16,1
6,23,1
6,26,1
6,28,1
6,29,1
6,247,-1
6,456,-1
7,15,1
7,24,1
7,29,1
7,1676,-1
7,2791,-1
8,11,1
8,13,1
8,14,1
8,15,1
8,16,1
8,21,1
8,22,1
8,25,1
8,2671,-1
9,19,1
9,20,1
9,21,1
9,22,1
9,27,1
9,29,1
9,1022,-1
9,1947,-1
10,17,1
10,19,1
10,23,1
10,27,1
10,653,-1
10,1207,-1
10,1996,-1
11,19,1
11,20,1
11,22,1
11,26,1
11,1016,-1
11,2134,-1
11,2368,-1
12,16,1
12,17,1
12,28,1
12,475,-1
12,854,-1
13,16,1
13,18,1
13,20,1
13,23,1
13,24,1
13,27,1
14,20,1
14,29,1
14,223,-1
15,16,1
15,19,1
15,928,-1
16,18,1
16,21,1
16,22,1
16,29,1
16,1094,-1
16,2752,-1
16,2908,-1
17,24,1
18,20,1
18,24,1
18,27,1
18,28,1
18,983,-1
18,1025,-1
19,25,1
19,26,1
19,2698,-1
20,24,1
21,28,1
21,29,1
21,1601,-1
22,24,1
22,26,1
22,27,1
22,650,-1
22,704,-1
22,2698,-1
23,24,1
23,202,-1
24,25,1
24,27,1
24,1217,1
24,1448,-1
25,28,1
25,391,-1
25,652,-1
26,29,1
27,29,1
27,2216,-1
28,51,-1
28,1461,-1
28,2111,-1
29,228,-1
30,33,1
30,38,1
30,41,1
30,46,1
30,47,1
30,153,-1
30,559,-1
31,33,1
31,35,1
31,37,1
31,41,1
31,42,1
31,43,1
31,45,1
31,50,1
31,55,1
31,1515,-1
32,38,1
32,41,1
32,46,1
32,1371,-1
32,1446,-1
32,2094,-1
33,41,-1
33,42,1
33,43,1
33,48,1
33,52,1
33,58,1
33,1790,-1
33,2583,-1
34,35,1
34,50,1
34,59,1
34,721,-1
34,1111,-1
34,1246,-1
34,2255,-1
35,51,1
35,57,1
35,279,-1
35,798,-1
35,1850,-1
35,1858,-1
35,2261,-1
36,38,1
36,40,1
36,45,1
36,47,1
36,55,1
36,56,1
37,38,1
37,41,1
37,42,1
37,44,1
37,49,1
37,50,1
37,55,1
38,41,1
38,57,1
38,688,-1
38,1636,-1
38,2483,-1
39,40,1
39,47,1
39,48,1
39,50,1
39,634,-1
40,43,1
40,51,1
40,53,1
40,57,1
40,94,-1
40,2497,-1
41,46,1
41,54,1
41,56,1
42,52,1
42,54,1
42,55,1
42,773,-1
42,2032,-1
43,45,1
43,55,1
43,2995,-1
44,50,1
44,796,-1
44,2721,-1
45,46,1
45,47,1
45,1113,-1
45,1185,-1
45,2249,-1
46,47,1
46,58,1
46,2697,1
47,57,1
47,2302,-1
48,58,1
49,50,1
49,51,1
49,56,1
49,380,-1
51,2049,-1
52,58,1
52,59,1
52,435,-1
52,2407,-1
53,252,-1
53,1887,-1
53,2716,-1
55,1315,-1
56,57,1
57,477,-1
57,1475,-1
57,2885,-1
58,59,1
58,1540,-1
58,2002,-1
58,2202,-1
58,2309,-1
59,1078,-1
59,1160,-1
59,1266,-1
60,65,1
60,75,1
60,76,1
60,77,1
60,87,1
60,89,1
60,1129,-1
61,62,1
61,65,1
61,78,1
61,80,1
61,84,1
61,87,1
61,89,1
62,70,1
62,83,1
62,85,1
62,88,1
62,1025,-1
63,64,1
63,72,1
63,75,1
63,88,1
63,352,-1
63,1657,-1
64,67,1
64,75,1
64,79,1
64,80,1
64,86,1
64,2144,-1
64,2581,-1
65,76,1
65,77,1
65,80,1
66,71,1
66,76,1
66,85,1
66,86,1
66,312,-1
66,500,-1
67,72,1
67,81,1
67,84,1
67,89,1
68,79,1
68,80,1
69,70,1
69,74,1
69,81,1
69,86,1
70,72,1
70,77,1
70,81,1
70,85,1
70,1639,-1
70,2328,-1
71,78,1
71,80,1
72,74,1
72,87,1
72,89,1
72,612,-1
72,1365,1
72,1913,-1
73,76,1
73,87,1
73,88,1
73,2294,-1
74,75,1
74,78,1
74,80,1
74,86,1
75,78,1
75,82,1
75,89,1
75,690,-1
76,80,1
76,86,1
76,87,1
76,699,-1
76,1188,-1
76,2713,-1
77,82,1
77,85,1
77,87,1
78,88,1
78,1394,-1
79,84,1
79,87,1
79,88,1
79,842,-1
79,1936,-1
80,85,1
80,86,1
81,87,1
81,88,1
82,84,1
82,86,1
82,89,1
83,85,1
85,88,1
85,89,1
85,2387,-1
86,89,1
87,112,-1
87,905,-1
88,1315,-1
88,2422,-1
89,2063,-1
90,91,1
90,92,1
90,98,1
90,99,1
90,100,1
90,101,1
90,105,1
90,106,1
90,109,1
91,93,1
91,95,1
91,101,1
91,102,1
91,107,1
91,108,1
91,114,-1
91,1939,-1
91,2308,-1
92,94,1
92,102,1
92,103,1
92,113,1
92,114,1
92,115,1
92,116,1
92,118,1
92,1507,-1
92,1721,-1
92,2407,-1
92,2840,-1
93,94,1
93,95,1
93,100,1
93,105,1
93,106,1
93,107,1
93,111,1
93,112,1
93,113,1
93,1663,-1
93,2373,-1
93,2968,-1
94,113,1
94,117,1
94,1307,-1
95,108,1
95,114,1
96,98,-1
96,99,1
96,101,1
96,102,1
96,103,1
96,105,1
96,108,1
96,112,1
96,115,1
96,118,1
96,2174,-1
96,2315,-1
97,102,1
97,107,1
97,108,1
97,113,1
97,390,-1
97,2049,-1
98,104,1
98,105,1
98,116,1
98,118,1
98,2953,-1
99,108,1
99,116,1
99,118,1
99,1930,-1
99,2561,-1
100,111,1
100,114,1
100,118,1
100,119,1
100,420,-1
101,102,1
101,107,1
101,109,1
101,114,1
102,106,1
102,354,-1
102,1897,-1
102,2498,-1
103,107,1
103,110,1
103,111,1
103,115,1
104,2932,-1
105,110,1
105,112,1
105,1048,-1
105,2787,-1
106,108,1
106,111,1
106,113,1
106,115,-1
107,112,1
107,117,1
107,119,1
108,110,1
108,111,1
108,113,1
108,116,1
109,110,1
109,113,1
109,1026,-1
110,111,1
110,112,1
110,1272,-1
111,113,1
111,114,1
111,116,1
111,196,-1
111,922,-1
111,1086,-1
111,2480,-1
112,114,1
112,1330,-1
113,119,1
113,2081,-1
114,116,1
114,118,1
115,117,1
116,117,1
116,2984,-1
117,1294,-1
118,119,1
118,2308,-1
119,2270,-1
119,2313,-1
120,121,1
120,124,1
120,132,1
120,133,1
120,135,1
120,137,-1
120,139,1
120,142,1
120,2208,-1
121,124,1
121,128,1
121,136,1
121,141,1
121,145,1
121,146,1
121,351,-1
121,1725,-1
121,2315,-1
121,2751,-1
122,125,1
122,127,1
122,128,1
122,130,1
122,133,1
122,134,1
122,135,1
122,139,1
122,140,1
122,146,1
123,126,1
123,133,1
123,146,1
123,147,1
123,287,-1
123,2481,-1
124,125,1
124,127,1
124,131,1
124,472,-1
125,127,1
125,129,1
125,134,1
125,142,1
125,143,1
125,148,1
125,596,-1
125,2336,-1
126,130,1
126,133,1
126,134,1
126,136,1
126,137,1
126,139,1
126,140,1
126,144,1
126,145,1
126,147,1
127,142,1
128,138,1
129,134,1
129,139,1
129,143,1
129,144,1
129,806,-1
130,133,1
130,134,1
130,137,1
130,139,1
130,148,1
130,149,1
130,807,-1
130,1215,-1
130,1413,-1
130,1432,-1
130,2675,-1
131,132,1
131,138,1
131,145,1
131,147,1
131,2207,-1
132,143,1
132,145,1
132,149,1
133,134,1
133,135,1
133,142,1
133,144,1
133,145,1
134,141,1
134,154,-1
134,328,-1
134,2990,-1
135,141,1
135,145,1
135,149,1
135,634,-1
135,1579,-1
135,2006,-1
135,2386,-1
136,138,-1
136,140,1
137,138,1
137,140,1
137,146,1
137,193,-1
138,139,1
138,142,1
138,145,1
138,147,1
138,1147,-1
139,145,1
139,1193,-1
139,1855,-1
140,146,1
140,760,-1
140,935,-1
141,142,1
141,145,1
141,1771,-1
142,1211,-1
142,1478,-1
142,2745,-1
143,144,1
143,147,1
143,149,1
144,146,1
144,148,1
144,408,-1
144,813,-1
144,881,-1
145,756,-1
145,1673,-1
145,2280,-1
146,1124,-1
147,148,1
147,149,1
149,1369,-1
149,1719,-1
149,2315,-1
150,151,1
150,157,1
150,158,1
150,161,1
150,175,1
150,179,1
150,878,-1
150,1375,-1
150,2547,-1
151,152,1
151,156,1
151,157,1
151,176,1
151,177,1
152,156,1
152,169,1
152,174,1
152,175,1
153,159,1
153,164,1
153,165,1
153,895,-1
153,2041,-1
153,2070,-1
153,2413,-1
154,156,1
154,157,1
154,161,1
154,162,1
154,176,1
155,158,1
155,159,1
155,165,1
155,520,-1
156,160,1
156,171,1
156,172,1
156,178,1
156,179,1
156,1976,-1
157,159,1
157,165,1
157,240,-1
157,274,-1
157,916,-1
157,1054,-1
157,2592,-1
158,163,1
158,164,1
158,169,1
158,170,1
158,171,1
158,1740,-1
159,163,-1
159,166,1
159,171,1
159,177,1
159,817,-1
160,165,1
160,172,1
160,176,1
160,178,1
160,1093,-1
160,1194,-1
161,164,1
161,169,1
161,172,1
161,739,-1
161,1097,-1
161,2029,-1
161,2067,-1
162,165,1
162,172,1
162,175,1
162,653,-1
162,2467,-1
163,174,1
163,176,1
163,179,1
163,1811,-1
163,2101,-1
164,169,1
164,172,1
164,175,1
164,176,1
164,657,-1
165,169,1
165,170,1
165,178,1
165,179,1
165,1354,-1
166,167,1
166,170,1
166,173,1
166,174,1
166,179,1
166,2644,-1
167,174,1
167,179,1
168,176,1
168,177,1
168,2316,-1
169,171,1
169,178,1
169,179,1
169,697,-1
170,171,1
170,174,1
170,1152,-1
170,1396,-1
170,2363,-1
171,173,1
171,174,1
172,1089,-1
173,177,1
173,291,-1
173,1526,-1
173,1609,1
173,2817,-1
176,1957,-1
177,1881,-1
177,2991,-1
179,1161,-1
180,191,1
180,194,1
180,198,1
180,200,1
180,201,1
180,203,1
180,207,1
181,184,1
181,1729,-1
181,2220,-1
182,186,1
182,188,1
182,193,1
182,199,1
182,200,1
182,201,1
182,207,1
182,209,1
182,2353,-1
183,184,1
183,187,1
183,2978,-1
184,186,1
184,196,1
184,200,1
185,186,1
185,192,1
185,198,1
185,202,1
186,193,1
186,195,1
186,201,1
186,205,1
186,208,1
186,2221,-1
186,2576,-1
186,2621,-1
187,189,1
187,191,1
187,201,1
187,203,1
187,204,1
187,207,1
187,208,1
187,369,-1
187,425,-1
187,987,-1
187,2577,-1
188,206,1
189,197,1
189,199,1
189,205,1
189,978,-1
189,1662,-1
189,2632,-1
190,192,1
190,193,1
190,199,1
190,847,-1
191,194,1
191,207,1
191,1002,-1
192,193,1
192,199,1
192,200,1
192,1812,-1
192,2029,-1
192,2678,-1
193,194,1
193,195,1
193,205,1
193,2792,-1
194,203,1
194,316,-1
194,1670,1
194,1714,-1
194,2758,-1
195,198,1
195,201,1
195,612,-1
195,779,-1
195,1268,-1
196,198,1
196,208,1
196,1394,-1
196,1813,-1
197,206,1
197,208,1
197,445,-1
199,202,1
199,2355,-1
199,2976,-1
200,201,1
200,205,1
201,1124,-1
201,1468,-1
201,2198,-1
201,2310,-1
201,2911,-1
202,2489,-1
203,204,1
203,2195,-1
204,205,1
204,2055,-1
205,2987,-1
206,1287,-1
206,1703,-1
207,1352,-1
207,1843,-1
207,2922,-1
208,327,-1
208,1845,-1
208,2150,-1
209,2508,-1
210,211,1
210,212,1
210,223,1
210,231,1
211,213,1
211,217,1
211,219,1
211,224,1
211,225,1
211,226,1
211,230,1
211,234,1
211,2700,-1
212,214,1
212,219,1
212,222,1
212,223,1
212,225,1
212,226,1
212,235,1
212,617,-1
212,2650,-1
213,215,1
213,216,1
213,219,1
213,233,1
213,235,1
213,236,1
213,923,-1
213,2793,-1
213,2848,-1
214,216,1
214,220,1
214,221,1
214,235,1
215,220,1
215,221,1
215,222,1
215,225,1
215,226,1
215,227,1
215,233,1
215,235,1
215,813,-1
216,219,1
216,221,1
216,222,1
216,226,1
216,233,1
216,236,1
216,238,1
216,611,-1
216,1331,-1
216,2615,-1
216,2672,-1
217,224,1
217,225,1
217,227,1
217,229,1
217,230,1
217,237,1
217,239,1
217,1907,-1
218,219,1
218,224,1
218,231,1
218,237,1
219,222,1
219,231,1
219,895,-1
219,1924,-1
219,2067,-1
220,231,1
220,235,1
220,239,1
220,1496,-1
220,1758,-1
221,222,1
221,224,1
221,235,1
221,236,1
221,237,1
221,239,1
221,933,-1
221,1005,-1
221,1052,-1
222,223,1
222,225,1
222,231,-1
222,235,1
222,239,1
222,2258,-1
223,228,1
223,235,1
223,237,1
223,1157,-1
223,2960,-1
224,225,1
225,227,1
225,234,1
225,235,1
225,1367,-1
226,227,1
226,233,1
226,237,1
226,2315,-1
226,2519,-1
226,2751,-1
227,236,1
227,1285,-1
229,236,1
229,237,1
229,1632,-1
229,1939,-1
230,233,1
230,234,1
230,990,-1
230,2582,-1
231,234,1
231,238,1
231,917,-1
232,236,1
233,236,1
233,521,-1
234,1375,-1
234,1634,-1
235,238,1
235,769,-1
235,1789,-1
236,1027,-1
236,2632,-1
237,953,-1
237,2680,-1
240,242,1
240,243,1
240,247,1
240,254,1
240,255,1
240,258,1
240,261,1
240,262,1
241,245,1
241,252,1
241,255,1
241,257,1
241,260,1
242,244,1
242,251,1
242,266,1
242,268,1
242,279,-1
242,591,-1
243,249,1
243,252,1
243,264,1
243,1994,-1
244,245,1
244,264,1
244,268,1
244,616,-1
245,247,1
245,250,1
245,254,1
245,255,1
245,256,1
245,1768,-1
246,251,1
246,261,1
246,263,1
246,265,1
246,267,1
246,268,1
246,573,-1
247,251,1
247,255,1
247,257,1
247,258,1
247,261,1
247,262,1
247,268,1
248,252,1
248,254,1
248,256,1
248,261,1
248,262,1
248,266,1
248,1690,-1
248,2250,-1
249,250,1
249,251,1
249,252,1
249,257,1
249,262,1
249,263,1
249,266,1
249,291,-1
249,953,-1
249,1227,-1
249,1385,-1
250,255,1
250,260,1
250,268,1
250,624,-1
250,1715,-1
251,253,1
251,259,1
251,268,1
252,253,1
252,254,1
252,256,1
252,260,1
252,2437,-1
252,2918,-1
253,265,-1
253,266,1
253,831,-1
254,256,1
254,261,1
254,267,1
254,2161,-1
255,258,1
255,268,1
255,1318,-1
256,267,1
256,268,1
257,261,1
257,264,1
257,268,1
257,834,-1
257,950,-1
257,1734,-1
258,265,1
258,268,1
258,1897,-1
258,2006,-1
259,262,1
259,268,1
260,261,1
260,262,1
261,262,1
261,1294,-1
262,263,1
262,267,1
262,268,1
262,1201,-1
262,2065,-1
264,267,1
264,269,1
264,2918,-1
265,267,1
265,269,1
265,289,-1
265,403,-1
265,436,-1
265,2462,-1
266,1938,-1
267,268,1
267,2593,-1
267,2770,-1
268,1046,-1
268,1723,-1
270,278,1
270,281,1
270,294,1
270,298,1
270,617,-1
270,2245,-1
271,272,1
271,276,1
271,280,1
271,286,1
271,1263,-1
272,273,1
272,276,1
272,278,-1
272,280,1
272,281,1
272,283,1
272,284,1
272,293,1
272,297,1
272,1615,-1
272,2920,-1
273,284,1
273,290,1
273,294,1
273,299,1
273,384,-1
273,1144,-1
274,279,1
274,287,1
274,289,1
274,295,1
274,296,1
274,459,-1
275,277,1
275,285,1
275,287,1
275,288,1
275,291,1
276,280,1
276,282,1
276,284,1
276,297,1
276,916,-1
276,2969,-1
277,278,1
277,280,1
277,290,1
277,292,1
277,295,1
277,904,-1
277,1219,-1
278,288,1
278,290,1
278,298,1
278,981,-1
279,281,1
279,290,1
279,291,1
279,294,1
280,281,1
280,294,1
280,295,1
280,296,1
280,299,1
280,1695,-1
281,283,1
281,289,1
281,290,1
281,2156,-1
282,283,1
282,292,1
282,298,1
282,299,1
282,1979,-1
283,286,1
283,291,1
283,294,1
283,295,1
283,296,1
283,297,1
283,299,1
284,285,1
284,287,1
284,293,1
284,297,1
284,1266,-1
284,1318,-1
284,2373,-1
285,286,1
285,295,1
286,288,1
286,294,1
286,1498,-1
286,1841,-1
287,288,1
287,289,1
287,608,-1
287,2057,-1
287,2912,-1
288,292,1
288,294,1
288,1665,-1
289,296,1
289,298,1
289,855,-1
289,1234,-1
289,2238,-1
290,292,1
290,294,1
290,295,1
290,1014,-1
291,296,1
291,1847,-1
291,2056,-1
292,646,-1
292,891,-1
293,295,1
293,2412,-1
294,299,1
294,834,-1
294,2861,-1
294,2915,-1
295,297,1
295,299,1
295,693,-1
295,847,-1
295,1247,-1
296,297,1
296,433,-1
296,1551,-1
298,299,1
298,1930,-1
299,1538,-1
299,1713,-1
300,301,1
300,302,1
300,305,1
300,307,1
300,308,1
300,309,1
300,328,1
300,329,1
300,2210,-1
301,306,1
301,311,1
301,322,1
301,329,1
301,1659,-1
302,303,1
302,306,1
302,312,1
302,317,1
302,318,1
302,329,1
302,458,-1
302,2251,-1
303,309,1
303,310,1
303,313,1
303,316,1
303,319,1
303,320,1
304,308,1
304,319,1
304,329,1
305,306,1
305,309,1
305,312,1
305,313,1
305,315,1
305,318,1
305,320,1
305,329,1
305,1247,-1
306,311,1
306,314,1
306,315,1
306,316,1
306,317,1
306,322,1
306,325,1
306,329,1
306,2094,-1
307,308,1
307,311,1
308,311,1
308,318,1
308,319,1
308,325,1
308,1036,-1
309,317,1
309,320,1
309,1307,-1
309,1496,-1
309,2330,-1
310,317,1
310,322,1
310,2490,-1
311,314,1
311,319,1
311,322,1
311,324,1
311,2767,-1
312,315,1
312,321,1
312,328,1
312,383,-1
312,874,-1
313,314,1
313,318,1
313,328,1
313,329,1
313,563,-1
313,1069,-1
314,317,1
314,318,1
314,1760,-1
314,2506,-1
315,318,1
315,319,1
315,321,1
315,328,1
315,431,-1
315,2090,-1
316,320,1
317,517,-1
317,715,-1
318,321,1
318,323,1
318,394,1
318,709,-1
319,2775,-1
320,321,1
320,324,1
320,327,1
320,1695,-1
320,2209,-1
320,2431,-1
320,2997,-1
321,1887,-1
322,323,1
322,329,1
322,1185,-1
322,1310,-1
324,329,1
324,1889,-1
325,2038,-1
325,2952,-1
326,328,1
326,462,-1
327,329,1
328,1851,-1
329,2157,-1
330,333,1
330,339,1
330,1249,-1
330,1746,-1
331,352,1
331,353,1
332,334,1
332,347,1
332,358,1
332,1256,-1
333,336,1
333,343,1
333,349,1
333,351,1
333,874,-1
333,2160,-1
334,353,1
334,355,1
334,565,-1
334,674,-1
334,1742,-1
335,346,1
335,351,1
335,358,1
335,803,-1
335,1026,-1
335,1839,-1
336,337,1
336,340,1
336,2094,-1
336,2672,-1
337,341,1
337,354,1
337,358,1
337,359,1
337,2013,-1
338,339,1
338,340,1
338,343,1
338,349,1
338,353,1
338,354,1
338,357,1
338,359,1
339,340,1
339,342,1
339,346,1
339,351,1
339,352,1
339,506,-1
339,587,-1
339,1191,-1
339,2614,-1
340,342,1
340,343,1
340,346,1
340,350,1
340,354,1
340,355,1
340,357,1
340,358,1
340,964,-1
340,2396,-1
341,348,1
342,343,1
342,349,1
342,355,1
342,356,1
342,2081,-1
343,346,1
343,354,1
343,358,1
343,1044,-1
344,348,1
344,352,1
344,358,1
344,2237,-1
345,354,1
345,356,1
345,359,1
345,1771,-1
345,2838,-1
346,350,1
346,356,1
346,1182,-1
346,2776,-1
347,355,1
347,357,1
347,776,-1
347,949,-1
347,2320,-1
348,357,1
348,2272,-1
349,357,1
349,359,1
349,2658,-1
349,2792,-1
350,351,1
350,355,1
350,357,1
350,1579,-1
350,2705,-1
351,352,1
351,353,1
351,357,1
351,2840,-1
352,353,1
352,356,1
352,1172,-1
353,364,-1
355,356,1
355,1931,-1
356,828,-1
356,1274,-1
357,358,1
357,359,1
357,2669,-1
358,555,-1
358,2742,-1
360,370,1
360,381,1
360,388,1
360,1512,-1
361,370,1
361,373,1
361,377,1
361,389,1
361,2103,-1
361,2493,-1
362,366,1
362,368,1
362,373,1
362,376,1
362,379,1
362,381,1
362,384,1
362,388,1
363,370,1
363,376,1
363,386,1
363,387,1
363,389,1
363,1270,-1
363,2882,-1
363,2938,-1
364,369,1
364,372,1
364,373,-1
364,378,1
364,383,1
364,387,1
364,388,1
364,791,-1
365,375,1
365,379,1
365,382,1
365,383,1
365,386,1
365,665,-1
366,367,1
366,370,1
366,374,1
366,376,1
366,381,1
366,382,1
366,384,1
366,396,-1
366,540,-1
366,1405,-1
367,370,1
367,379,1
367,380,1
367,382,1
367,385,1
367,388,1
367,953,-1
367,2109,-1
368,373,1
368,374,1
368,377,1
368,379,1
368,382,1
368,813,-1
369,376,1
369,381,1
369,382,1
369,385,1
370,371,1
370,374,1
370,383,1
370,388,1
370,1366,1
370,1412,-1
370,1882,-1
370,2252,-1
371,375,1
371,384,1
371,387,1
371,388,1
372,376,1
372,379,1
372,382,1
372,387,1
372,736,-1
373,374,1
373,377,1
373,381,1
374,378,1
374,380,1
374,385,1
374,388,1
374,2122,-1
375,379,1
375,386,1
375,387,1
375,388,1
375,1702,-1
375,2929,-1
376,377,1
376,380,1
376,387,1
376,1745,-1
377,379,1
377,2293,-1
378,379,1
378,386,1
378,387,1
378,389,1
378,1671,-1
378,2314,-1
378,2814,-1
379,380,1
379,2274,-1
380,751,-1
381,382,1
381,387,1
381,1185,-1
382,401,-1
383,384,1
383,387,1
383,389,1
383,1849,-1
383,2911,-1
384,387,1
385,1849,-1
386,1529,-1
387,2259,-1
388,537,-1
388,2966,-1
389,1525,-1
389,2919,-1
390,391,1
390,404,1
390,405,1
390,416,-1
390,417,1
391,395,1
391,396,1
391,408,1
391,409,1
391,413,1
391,1242,-1
391,1676,-1
392,393,1
392,399,1
392,400,1
392,401,1
392,407,1
392,409,1
392,417,1
392,636,-1
392,1298,-1
393,403,1
393,412,1
393,415,1
393,419,1
394,399,-1
394,400,1
394,401,1
394,416,1
394,417,1
394,2929,-1
395,399,1
395,401,1
395,406,1
395,409,1
395,410,1
395,419,1
396,402,1
396,408,1
396,410,1
396,411,1
396,419,1
396,569,-1
396,1083,-1
397,409,1
397,410,1
397,414,1
397,1956,-1
397,2078,-1
398,402,1
398,403,1
398,405,1
398,410,1
398,590,-1
398,2778,-1
399,400,1
399,401,1
399,402,1
399,412,1
400,413,1
400,414,1
400,419,1
400,1251,-1
401,402,1
401,403,1
401,406,1
402,407,1
402,409,1
402,419,1
402,1258,-1
403,404,1
403,414,1
403,844,-1
403,2077,-1
403,2148,-1
404,407,1
404,415,1
404,418,1
404,913,-1
404,1852,-1
404,2331,-1
404,2525,-1
405,406,1
405,411,1
405,415,1
405,418,1
405,1443,-1
406,412,1
406,415,1
406,416,1
406,419,1
406,1414,-1
406,1970,-1
407,408,1
407,417,1
407,418,1
407,1218,-1
408,413,1
408,416,1
408,1175,-1
409,413,1
409,2987,-1
410,611,-1
410,715,-1
411,413,1
411,2682,-1
412,765,-1
412,1470,-1
412,1729,-1
413,2965,-1
414,415,1
414,417,1
415,416,1
415,419,1
417,2201,-1
418,1370,-1
418,2307,-1
420,426,1
420,434,1
420,438,1
420,439,1
420,444,1
420,2357,-1
420,2553,-1
421,422,1
421,427,1
421,431,1
421,432,1
421,433,1
421,436,1
421,445,1
421,446,1
422,423,1
422,427,1
422,430,1
422,432,1
422,434,1
422,435,-1
422,436,1
422,438,1
422,440,1
422,443,1
422,449,1
423,428,1
423,431,1
423,432,1
423,441,1
423,443,1
423,444,1
423,447,1
423,449,1
423,687,-1
423,1531,-1
423,2914,-1
424,425,1
424,430,1
424,435,1
424,440,1
424,444,1
424,1382,-1
425,427,1
425,434,1
425,436,1
425,439,1
425,443,1
426,431,1
426,432,1
426,433,1
426,434,1
426,436,1
426,438,1
426,442,1
426,1843,-1
426,2280,-1
426,2482,-1
427,434,1
427,441,1
427,442,1
427,2571,-1
428,433,1
428,446,1
428,518,-1
428,1108,-1
428,1695,-1
429,434,1
429,436,1
429,438,1
429,441,1
429,444,1
430,432,1
430,436,1
430,439,1
430,1963,-1
431,432,1
431,433,1
431,436,1
431,443,1
431,447,1
431,449,1
431,1257,-1
432,434,1
432,440,1
432,441,1
432,443,1
432,2631,-1
433,434,1
433,435,1
433,439,1
433,443,-1
433,446,1
433,1822,-1
433,1830,-1
434,436,1
434,437,1
435,436,1
435,437,1
435,440,1
435,441,1
435,444,1
436,439,1
436,445,1
436,465,-1
437,439,1
437,448,1
437,1909,-1
438,2429,-1
439,449,1
439,908,-1
439,2878,-1
440,441,1
440,445,1
440,446,1
441,447,1
441,2801,-1
442,445,1
443,444,1
444,449,1
444,1016,-1
444,2102,-1
444,2300,-1
445,447,1
445,1450,-1
445,1908,-1
446,448,1
446,1480,-1
446,1690,-1
446,1998,-1
449,1255,-1
450,469,1
450,1328,-1
450,1488,-1
450,2669,-1
451,453,1
451,2569,-1
452,453,1
452,473,1
452,570,-1
453,466,1
454,455,1
454,474,1
454,2033,-1
455,458,1
455,467,1
456,457,1
456,478,1
456,867,-1
456,1176,-1
457,470,1
457,476,1
457,1833,-1
458,459,1
459,479,1
459,768,-1
459,2073,-1
460,466,1
460,472,1
460,477,1
460,569,-1
460,1676,-1
460,2659,-1
461,473,1
462,471,1
462,478,1
462,1071,-1
462,2185,-1
463,478,-1
463,906,-1
463,1752,-1
464,465,1
464,472,1
464,1528,1
464,2556,-1
465,788,-1
466,478,1
466,2143,-1
466,2387,-1
466,2566,-1
468,479,1
468,997,-1
469,1136,-1
470,1478,-1
470,1867,-1
470,2472,-1
471,473,1
472,473,1
472,1573,1
473,814,-1
474,1363,-1
474,2577,-1
474,2714,-1
475,478,1
475,1775,-1
475,2150,-1
475,2483,-1
476,976,-1
477,866,-1
478,1637,-1
478,1833,-1
479,809,-1
479,1649,-1
480,487,1
480,509,1
480,1429,-1
481,485,1
481,506,1
482,507,1
483,493,1
483,507,1
483,1330,-1
483,2799,-1
484,491,1
485,504,1
486,488,1
486,1455,-1
486,1834,-1
486,2096,-1
489,503,1
489,2608,-1
490,491,1
490,493,1
490,508,1
490,2857,-1
491,504,1
491,507,1
491,804,-1
492,502,1
493,505,1
493,509,1
493,1814,-1
494,496,-1
495,508,1
495,2491,-1
496,766,-1
496,1243,-1
497,500,1
497,2674,-1
498,502,1
498,504,1
498,509,1
498,2020,-1
498,2077,-1
498,2493,-1
499,502,1
499,936,-1
499,2231,-1
499,2428,-1
501,503,1
501,688,-1
501,2274,-1
502,503,1
503,1295,-1
504,505,1
504,1093,-1
504,2560,-1
504,2875,-1
506,960,-1
507,1243,-1
508,1262,-1
508,2817,-1
509,2221,-1
510,524,1
510,539,1
511,538,1
511,579,-1
512,527,1
512,2538,-1
512,2903,-1
513,524,1
514,519,1
514,522,1
514,2072,-1
514,2529,-1
515,517,1
515,535,1
515,880,-1
515,2351,-1
515,2621,-1
516,520,1
516,529,1
516,532,1
516,1888,-1
517,1404,-1
518,525,1
518,2801,-1
519,525,1
519,534,1
519,1163,-1
519,1316,-1
521,530,1
521,606,-1
521,2084,-1
521,2164,-1
522,1114,-1
522,1218,-1
523,527,1
523,533,1
523,1489,-1
524,851,-1
524,1721,-1
524,1997,-1
525,528,1
526,527,1
526,537,1
526,1451,-1
527,530,1
527,1334,-1
527,2381,-1
527,2690,-1
528,870,-1
530,2012,-1
530,2580,-1
531,537,1
531,1236,-1
531,2327,-1
532,533,1
532,538,1
532,1767,-1
532,2981,-1
533,536,1
533,1551,-1
533,2620,-1
534,2231,-1
534,2563,-1
535,2550,-1
538,2129,-1
538,2477,-1
539,1688,-1
540,543,1
540,556,1
540,558,1
540,1500,-1
540,1775,-1
541,557,1
541,559,1
541,1481,-1
541,2332,-1
542,549,1
542,917,-1
542,1784,-1
543,557,1
543,1478,-1
544,556,1
544,563,1
544,569,1
545,560,1
545,567,1
546,566,1
546,1764,-1
547,553,-1
547,558,-1
547,1558,-1
547,2403,-1
548,551,1
548,2087,-1
549,1540,-1
549,2101,-1
550,565,1
550,1385,-1
551,556,1
551,561,1
551,562,1
551,1761,-1
551,2299,-1
552,563,-1
552,995,-1
552,1645,-1
552,2897,-1
553,555,1
553,683,-1
553,1451,-1
553,2379,-1
553,2630,-1
553,2814,-1
554,565,1
554,568,1
554,2431,-1
554,2644,-1
555,2638,-1
556,2375,-1
556,2764,-1
557,2059,-1
558,564,1
558,668,-1
558,1468,-1
558,1492,-1
558,2240,-1
558,2274,-1
561,563,1
561,1587,-1
562,1896,-1
564,1131,-1
564,2314,-1
564,2945,-1
565,1540,-1
567,1744,1
568,2761,-1
568,2981,-1
570,571,1
570,590,1
570,2519,-1
571,592,1
571,594,1
571,596,-1
571,1461,-1
572,580,1
572,583,1
572,599,1
572,2844,-1
573,587,-1
574,578,1
575,583,1
575,2984,-1
576,577,1
576,585,1
576,593,1
576,1834,-1
576,2652,-1
576,2990,-1
577,584,1
577,895,-1
577,1389,-1
577,2638,-1
578,581,1
578,586,1
579,581,1
579,586,1
579,594,-1
579,1023,-1
580,587,1
580,590,-1
580,611,-1
581,597,1
581,598,1
581,1171,-1
581,2579,-1
581,2638,-1
582,586,1
582,594,1
583,588,1
583,786,-1
584,2764,-1
585,1812,-1
585,2761,-1
586,588,1
586,589,1
586,591,1
586,592,1
586,1165,-1
586,1345,-1
586,2563,-1
587,589,1
589,1180,-1
590,594,-1
591,595,1
591,2286,-1
592,2732,-1
593,594,1
594,828,-1
594,840,-1
594,1728,-1
594,2081,-1
597,2029,-1
598,2813,-1
599,1050,-1
600,618,1
600,2474,-1
600,2529,-1
601,618,1
601,622,1
602,607,1
602,614,1
602,629,1
602,1711,-1
602,2151,-1
603,612,1
603,616,1
603,1036,-1
603,1115,-1
603,2489,1
604,627,1
604,1224,-1
605,613,1
605,624,1
605,2250,-1
606,627,1
606,777,-1
606,948,-1
607,611,1
607,698,-1
607,2044,-1
608,610,1
608,616,1
608,868,1
608,1724,-1
609,614,-1
609,617,1
609,626,1
609,2225,-1
609,2462,-1
609,2865,-1
610,1349,-1
610,2237,-1
610,2286,-1
611,853,-1
611,1549,-1
612,618,1
612,2549,-1
612,2682,-1
613,626,1
614,615,1
615,624,1
615,1117,-1
615,1436,-1
616,626,1
616,1990,1
617,621,1
617,2637,-1
618,619,1
618,869,-1
618,1768,-1
619,1457,-1
619,2562,-1
620,626,1
621,2088,-1
622,626,1
622,629,1
622,691,-1
623,624,1
623,625,1
623,629,1
623,812,-1
623,827,-1
623,902,-1
625,2290,-1
626,628,1
626,2502,-1
627,1272,-1
627,1884,-1
628,1144,-1
628,1767,-1
628,2399,-1
630,651,1
630,1802,-1
630,1900,-1
631,655,1
631,2812,-1
632,639,1
632,644,1
632,647,1
632,2019,-1
633,654,1
633,656,1
633,1272,-1
633,1531,-1
634,638,1
634,640,1
634,742,-1
635,645,1
635,2876,-1
636,638,1
636,639,1
636,1966,-1
637,640,1
637,648,1
637,650,1
637,1908,-1
638,808,-1
638,2393,-1
639,644,1
639,649,1
639,1241,-1
641,642,1
641,1755,-1
643,646,1
643,652,1
644,649,1
644,651,1
644,655,1
644,659,1
644,2063,-1
647,658,1
648,1474,-1
648,2655,-1
649,650,1
649,1200,-1
649,2430,-1
650,653,1
650,657,1
650,1382,-1
651,904,-1
651,2480,-1
652,2862,-1
655,1383,-1
655,2684,-1
655,2839,-1
658,2407,-1
659,1339,-1
659,2384,-1
659,2685,-1
659,2923,-1
660,675,1
660,678,1
660,683,-1
660,684,1
660,689,1
660,1366,-1
660,1784,-1
661,662,1
661,680,1
661,688,1
663,671,1
663,916,-1
663,1051,1
664,668,1
664,670,1
664,683,1
664,684,1
664,686,1
664,1386,-1
664,2800,-1
665,685,1
665,1415,-1
665,1514,-1
665,2582,-1
665,2852,-1
666,667,1
666,2172,-1
666,2484,-1
666,2651,-1
666,2998,-1
667,684,1
668,670,1
668,826,-1
668,1858,-1
668,2680,-1
668,2765,-1
669,685,1
670,672,1
670,679,1
671,687,1
672,678,-1
672,679,1
673,678,1
673,974,-1
674,684,1
674,685,1
674,1325,-1
674,2337,-1
676,684,-1
676,1877,-1
677,688,1
678,682,1
679,687,1
680,688,1
680,2497,-1
681,682,1
681,1412,-1
682,2831,-1
683,685,1
683,764,-1
684,837,-1
686,2894,-1
689,1811,-1
689,2389,-1
690,695,1
690,704,1
690,1881,-1
691,712,1
691,1232,-1
692,699,1
693,703,1
693,712,1
693,1144,-1
694,710,1
694,860,-1
694,1780,-1
695,709,1
695,2063,-1
695,2711,-1
696,698,1
696,700,1
696,701,1
696,2470,-1
697,704,1
697,717,1
697,1550,1
697,2173,-1
697,2635,-1
698,1362,-1
699,706,1
699,1048,-1
699,2296,-1
700,709,1
700,711,1
700,1227,-1
700,2922,-1
701,1187,-1
701,2814,-1
702,713,1
702,1280,-1
702,2034,-1
704,707,1
704,1914,-1
704,2296,-1
705,719,1
706,711,1
706,715,1
706,1534,-1
706,2425,-1
707,1217,-1
708,710,1
709,2221,-1
710,717,1
710,1238,-1
710,1278,-1
710,2141,-1
710,2187,-1
711,716,1
712,2109,-1
713,719,1
714,718,1
715,978,-1
715,1498,-1
715,2429,-1
716,1063,-1
716,1638,-1
717,1249,-1
718,1712,-1
720,731,1
720,749,1
720,2649,-1
721,727,1
721,728,1
721,743,1
721,746,1
721,748,1
721,2317,-1
722,723,-1
722,728,1
722,737,1
722,941,-1
722,1879,-1
722,2923,-1
723,725,1
723,749,1
723,761,-1
723,2433,-1
724,747,1
725,730,1
725,737,1
725,747,1
725,2413,-1
726,731,1
726,748,1
727,733,1
727,738,1
727,745,1
727,748,1
728,1659,-1
728,1984,-1
729,737,1
729,2002,-1
729,2340,-1
730,2452,-1
730,2681,-1
731,1493,-1
732,738,1
732,745,1
732,748,-1
732,1149,-1
733,734,1
733,740,1
734,2050,-1
735,745,1
735,966,-1
735,1950,-1
736,737,1
737,742,1
737,747,1
737,971,-1
737,1175,-1
737,2670,-1
738,1470,-1
738,2150,-1
739,744,1
739,748,1
741,746,1
741,2825,-1
742,744,1
742,2759,-1
744,749,1
745,1205,-1
747,915,-1
747,2586,-1
747,2923,-1
748,2750,-1
749,2376,-1
750,768,1
750,774,1
750,779,1
750,2289,-1
750,2443,-1
751,778,1
752,758,1
752,760,1
752,764,1
752,766,1
752,772,1
753,778,1
754,778,1
755,762,1
756,766,1
756,874,-1
756,2364,-1
757,770,1
758,759,1
759,1555,-1
759,1837,-1
760,2457,-1
761,766,1
762,771,1
762,2295,-1
762,2905,-1
763,766,1
763,774,1
763,858,-1
763,2679,-1
764,769,1
764,949,-1
765,776,1
766,768,1
766,774,1
766,778,1
766,1960,-1
767,769,1
767,777,1
767,1822,-1
768,775,1
770,775,1
771,1639,-1
771,2031,-1
772,773,1
773,2301,-1
773,2986,-1
775,2243,-1
775,2480,-1
776,1930,-1
778,884,-1
778,2736,-1
778,2888,-1
779,1288,-1
779,1859,-1
779,2568,-1
779,2623,-1
779,2988,-1
780,783,1
780,799,1
780,807,1
781,808,1
781,969,-1
781,1312,-1
782,789,1
782,803,1
782,1051,-1
782,1180,-1
782,2037,-1
783,797,1
784,805,1
785,809,1
785,1173,-1
785,2718,-1
785,2972,-1
786,804,1
787,802,1
787,1845,-1
788,789,1
788,798,1
788,938,-1
789,803,1
789,809,1
789,876,-1
790,800,1
790,801,1
790,804,1
790,2082,-1
791,805,1
792,803,1
792,2405,-1
793,809,1
794,796,1
794,798,1
794,802,1
794,804,1
794,805,1
795,804,1
795,1566,-1
797,855,-1
797,2658,-1
798,806,1
798,2667,-1
799,801,1
799,2355,-1
802,804,1
802,2610,-1
804,2109,-1
805,1647,-1
805,2602,-1
806,1922,-1
807,2498,-1
808,925,-1
810,814,1
810,817,1
810,818,1
810,832,1
810,1808,-1
810,2993,-1
811,814,1
812,824,1
812,829,1
812,830,1
813,827,1
813,1266,-1
814,838,1
815,828,1
815,831,1
815,2388,-1
815,2651,-1
816,823,1
817,834,1
817,1082,-1
817,1954,-1
818,1771,-1
818,1791,-1
819,820,1
819,1526,-1
821,839,1
822,825,1
822,2181,-1
823,2942,-1
824,1933,-1
824,2276,-1
825,1256,-1
825,1733,-1
825,2507,-1
826,832,1
826,1608,-1
826,2329,-1
827,830,1
828,1267,-1
828,1995,-1
828,2443,-1
828,2493,-1
829,917,-1
830,835,1
831,1181,-1
832,2014,-1
833,839,1
833,1087,-1
833,1716,-1
834,1549,-1
835,1414,-1
835,1750,-1
835,2005,-1
835,2509,-1
836,838,1
837,838,1
837,975,-1
838,839,1
838,2680,-1
840,851,1
841,863,1
841,950,-1
841,1439,-1
842,854,1
842,861,1
842,864,1
842,865,1
842,1160,-1
842,2827,-1
843,847,1
843,857,1
843,859,1
844,845,1
844,848,1
844,861,1
844,1080,-1
845,2727,-1
845,2790,-1
846,859,1
846,860,1
846,2394,-1
847,850,1
847,861,1
847,866,1
848,1400,-1
848,2635,-1
849,866,1
849,1551,-1
851,860,1
851,868,1
851,943,-1
852,862,1
852,2849,-1
853,855,1
853,858,1
853,2672,-1
854,1162,-1
855,953,-1
856,858,1
856,2977,-1
857,1122,-1
857,2773,-1
858,867,1
858,1045,-1
859,1627,-1
859,1901,-1
859,2021,-1
862,869,1
863,926,-1
863,2888,-1
864,2643,-1
866,1160,-1
867,1462,-1
867,2991,-1
869,2455,-1
870,880,1
871,884,1
872,876,1
872,1795,-1
872,2517,-1
873,875,1
873,897,1
873,898,1
873,2363,-1
874,880,1
875,896,1
876,1074,-1
876,2399,-1
877,886,1
877,892,1
877,1094,-1
878,884,1
878,1422,-1
879,885,1
879,2995,-1
880,896,1
880,897,1
881,899,1
881,1411,-1
882,889,1
882,899,1
882,1322,-1
882,2189,-1
883,897,1
885,899,1
885,2228,-1
886,2177,-1
886,2842,-1
887,899,1
888,892,1
889,1135,-1
889,2403,-1
890,892,1
891,893,1
891,894,1
892,895,1
892,958,-1
892,1929,-1
893,1796,-1
894,1405,-1
895,1258,-1
895,1667,-1
897,1767,-1
897,2346,-1
897,2664,-1
899,2511,-1
903,2613,-1
906,2186,-1
908,1014,-1
909,1338,-1
910,1310,-1
911,1180,-1
911,1870,-1
911,2010,-1
912,2598,-1
914,1095,-1
914,2762,-1
915,1106,-1
915,1469,-1
916,1674,-1
916,2490,-1
916,2520,-1
917,1944,-1
917,2259,-1
917,2802,-1
918,1770,-1
920,1645,-1
924,2081,-1
926,1387,-1
926,2220,-1
928,1644,-1
928,2400,-1
930,1226,-1
934,1944,-1
934,2426,-1
935,1777,-1
937,1226,-1
937,1569,-1
937,1689,-1
937,1968,-1
938,2976,-1
940,1229,-1
941,1795,-1
942,1287,-1
942,1371,-1
942,1653,-1
942,2223,-1
944,2623,-1
945,2190,-1
946,1026,-1
949,1041,-1
952,2810,-1
953,2333,-1
954,2692,1
955,1340,-1
955,1371,-1
955,1919,-1
955,2010,-1
955,2629,-1
957,1107,-1
957,1534,-1
957,2737,-1
958,1945,-1
959,2440,-1
959,2617,-1
962,1785,-1
962,2216,-1
962,2551,-1
964,1582,-1
965,2563,-1
967,2115,-1
968,1133,-1
968,1899,-1
968,2778,-1
970,2099,-1
970,2677,-1
972,1309,-1
972,2376,-1
973,1452,-1
973,2404,-1
975,2979,-1
976,1679,-1
976,1931,-1
976,2683,-1
976,2719,-1
977,1508,-1
979,2965,-1
982,1004,-1
982,1608,-1
989,1932,-1
990,2460,-1
990,2621,-1
991,1380,-1
991,1869,-1
993,1830,-1
995,1352,-1
996,1525,-1
997,1449,-1
998,1450,-1
998,2159,-1
998,2351,-1
999,1379,-1
999,2506,-1
1000,2236,-1
1001,2007,-1
1003,1170,-1
1004,1549,-1
1008,1572,-1
1009,2547,-1
1010,1561,-1
1010,1595,-1
1010,1745,-1
1010,2951,-1
1012,2904,-1
1013,1518,-1
1016,2455,-1
1016,2518,-1
1017,1949,-1
1017,2110,-1
1018,1988,-1
1018,2990,-1
1020,1864,-1
1021,2197,-1
1022,1159,-1
1022,1995,-1
1023,1101,-1
1023,1709,-1
1024,1186,-1
1024,1937,-1
1024,2376,-1
1025,1149,-1
1026,2653,-1
1027,2337,-1
1030,2514,-1
1032,1261,-1
1033,2998,-1
1034,2624,-1
1038,2392,-1
1040,2150,-1
1041,1205,-1
1041,1845,-1
1042,1194,-1
1042,2810,-1
1043,1457,-1
1043,2084,-1
1043,2846,-1
1044,1283,-1
1047,1927,-1
1048,1544,-1
1048,2151,-1
1054,2808,-1
1055,1720,-1
1057,1284,-1
1057,2871,-1
1058,1791,-1
1059,1444,1
1060,1266,-1
1060,1874,-1
1062,1955,-1
1063,2161,-1
1063,2700,-1
1063,2793,-1
1067,2095,-1
1068,2848,-1
1073,2220,-1
1074,1252,-1
1074,1783,-1
1074,2476,-1
1078,2601,-1
1079,1279,-1
1079,2900,-1
1080,1385,-1
1080,2474,-1
1081,2135,-1
1082,1585,-1
1082,1721,-1
1082,2041,-1
1082,2155,-1
1083,1436,-1
1083,2254,-1
1084,1867,-1
1085,2858,-1
1086,1419,-1
1086,1458,-1
1086,1994,-1
1086,2555,-1
1086,2831,-1
1086,2861,-1
1090,1559,-1
1093,1659,-1
1096,1574,-1
1096,2146,-1
1096,2777,-1
1096,2927,1
1098,1198,-1
1098,2062,-1
1099,1371,-1
1099,2608,-1
1100,2080,-1
1100,2882,-1
1106,2028,-1
1107,2388,-1
1108,1305,-1
1110,2513,-1
1111,1873,-1
1114,2285,-1
1114,2871,-1
1116,2709,-1
1117,1402,-1
1118,1636,-1
1118,2525,-1
1124,2381,-1
1124,2954,-1
1125,1291,-1
1125,1345,-1
1125,2333,-1
1126,1569,-1
1127,2082,-1
1127,2786,-1
1131,2473,-1
1132,1268,-1
1132,2788,-1
1133,1280,-1
1133,2020,-1
1134,2276,-1
1135,2731,-1
1136,2848,-1
1137,1792,-1
1138,1342,-1
1138,2324,-1
1139,1332,-1
1139,2053,-1
1139,2085,-1
1141,2945,-1
1142,2693,-1
1143,2506,-1
1145,1304,-1
1145,2238,-1
1145,2553,-1
1146,2470,-1
1148,2690,-1
1149,2047,-1
1149,2646,-1
1151,2925,-1
1152,1742,-1
1154,2570,-1
1156,1340,-1
1157,2291,-1
1157,2305,-1
1158,1981,-1
1160,1775,-1
1166,1724,-1
1167,1255,-1
1167,2124,-1
1168,1648,-1
1170,1617,-1
1170,1903,-1
1171,2885,-1
1172,1832,-1
1173,1730,-1
1173,1879,-1
1173,2859,-1
1174,1940,-1
1175,2326,-1
1177,1286,-1
1177,1783,-1
1177,1839,-1
1179,2189,-1
1183,1333,-1
1184,1905,-1
1184,2306,-1
1186,2138,-1
1188,1827,-1
1190,1395,-1
1195,2047,-1
1195,2212,-1
1196,2026,-1
1196,2247,-1
1197,2370,-1
1199,1752,-1
1200,1735,-1
1200,1828,-1
1201,2436,-1
1205,2239,-1
1206,1410,-1
1208,2433,-1
1209,1774,-1
1209,2563,-1
1210,2048,-1
1211,1885,-1
1213,1883,-1
1213,2000,-1
1213,2136,-1
1215,2904,-1
1216,1488,-1
1216,1736,-1
1217,2981,-1
1219,2870,-1
1221,2339,-1
1222,1855,-1
1223,1712,1
1223,1953,-1
1223,2857,-1
1234,1507,-1
1235,1890,-1
1235,2356,-1
1235,2883,-1
1236,1386,-1
1236,1999,-1
1236,2090,-1
1237,2041,-1
1238,2221,-1
1241,2876,-1
1243,2575,-1
1244,2019,-1
1244,2911,-1
1246,2407,-1
1250,2323,-1
1251,1397,-1
1251,1508,1
1251,2792,-1
1252,1547,-1
1252,2455,-1
1253,1978,-1
1255,1322,-1
1255,1395,-1
1257,1907,-1
1260,1422,-1
1260,2346,-1
1261,1496,-1
1262,2211,-1
1263,2142,-1
1264,2117,-1
1265,1985,-1
1265,2897,-1
1267,2399,-1
1268,2088,-1
1269,2799,-1
1270,1880,-1
1270,2040,-1
1271,1711,-1
1271,2839,-1
1274,2789,-1
1275,1873,-1
1277,2886,-1
1278,2603,-1
1278,2781,-1
1280,1435,-1
1280,2574,-1
1281,2821,-1
1282,2525,-1
1283,1756,-1
1284,2251,-1
1286,1731,-1
1287,2449,-1
1291,2981,-1
1292,1536,-1
1292,2444,-1
1293,2279,-1
1293,2454,-1
1295,2838,-1
1296,2130,-1
1301,1750,-1
1301,2103,-1
1304,2075,-1
1306,1911,-1
1307,2078,-1
1309,2361,-1
1311,2054,-1
1312,1694,-1
1312,2582,1
1313,1854,-1
1313,2610,-1
1316,1627,-1
1318,2796,-1
1323,2201,-1
1325,2648,-1
1325,2804,-1
1326,1472,-1
1326,2245,-1
1328,1791,-1
1328,2418,-1
1329,1358,-1
1332,1522,-1
1334,2756,-1
1336,2375,-1
1336,2433,-1
1336,2782,-1
1338,1443,-1
1339,2690,-1
1340,1491,-1
1342,1726,-1
1343,2749,-1
1346,2835,-1
1347,2473,-1
1350,2099,-1
1351,1646,-1
1352,2853,-1
1353,1659,-1
1353,1792,-1
1353,2059,-1
1353,2064,-1
1355,2854,-1
1357,1815,-1
1357,2100,-1
1364,1585,-1
1365,2547,-1
1366,1586,-1
1368,2555,-1
1369,2395,-1
1370,2774,1
1374,1492,-1
1375,2765,-1
1377,1579,-1
1377,2725,-1
1378,1859,-1
1378,1863,-1
1379,1726,-1
1384,2099,-1
1386,1563,-1
1386,2389,-1
1387,1861,-1
1387,2542,-1
1388,1732,-1
1388,2259,-1
1393,1616,-1
1393,1929,-1
1393,2360,-1
1395,2324,-1
1396,2271,-1
1396,2557,-1
1396,2805,-1
1397,2584,-1
1397,2971,-1
1400,1497,-1
1401,1488,-1
1402,1920,-1
1403,1600,-1
1403,1864,-1
1404,1830,-1
1404,2445,-1
1406,2181,-1
1406,2620,-1
1408,2055,-1
1409,1434,-1
1409,1623,-1
1409,1877,-1
1409,2346,-1
1409,2651,-1
1411,1447,-1
1411,1451,-1
1413,2784,-1
1414,2638,-1
1414,2787,-1
1415,2904,-1
1418,1764,-1
1419,1599,-1
1421,1569,-1
1422,1803,-1
1423,1505,-1
1424,2866,-1
1424,2972,-1
1425,1910,1
1427,2444,-1
1427,2799,-1
1428,1538,-1
1428,2019,-1
1429,2184,-1
1429,2656,-1
1430,1870,-1
1431,2086,-1
1432,2261,-1
1433,1494,-1
1434,2253,-1
1435,1686,-1
1436,1561,-1
1437,1448,-1
1437,2598,-1
1438,1856,-1
1438,2119,-1
1442,1613,-1
1443,2072,-1
1447,2419,-1
1449,1489,-1
1449,2399,-1
1449,2619,-1
1449,2892,-1
1450,2736,-1
1451,2396,-1
1452,1585,-1
1452,2424,-1
1453,2760,-1
1454,1886,-1
1455,1759,-1
1456,1839,-1
1458,1502,-1
1460,2334,-1
1463,2247,-1
1463,2623,-1
1463,2695,-1
1466,2996,-1
1470,2788,-1
1471,1853,-1
1471,2448,-1
1471,2847,-1
1473,2836,-1
1474,1753,-1
1475,2162,-1
1478,1955,-1
1481,1994,-1
1481,2676,-1
1482,2868,-1
1483,1981,-1
1483,2106,-1
1487,2749,-1
1493,1995,-1
1494,2153,-1
1494,2360,-1
1494,2509,-1
1494,2703,-1
1495,2247,-1
1495,2988,-1
1496,1735,-1
1497,1622,-1
1497,1777,-1
1497,2885,-1
1500,1509,1
1500,1513,1
1500,1517,1
1500,1929,-1
1501,1502,1
1501,1506,1
1501,1511,1
1501,1517,1
1501,1518,1
1501,2059,-1
1501,2619,-1
1502,1504,1
1502,1507,1
1502,1512,1
1502,1514,1
1502,2256,-1
1503,1506,1
1503,1514,1
1504,1509,1
1504,1510,1
1504,1519,1
1504,2389,-1
1505,1514,1
1505,1518,1
1505,1519,1
1505,1999,-1
1507,1515,1
1507,2458,-1
1508,1509,1
1508,1514,1
1508,2292,-1
1509,1510,1
1509,1511,1
1509,1807,-1
1509,2191,-1
1510,1511,1
1510,1547,-1
1511,1512,1
1511,1519,1
1513,1514,1
1513,2753,-1
1514,1743,-1
1514,2774,-1
1515,1516,1
1515,1518,1
1515,1812,-1
1515,2194,-1
1516,2390,-1
1517,2351,-1
1517,2480,-1
1517,2712,-1
1517,2778,-1
1518,2485,-1
1519,1697,-1
1519,2769,-1
1521,2461,-1
1524,2511,1
1524,2614,-1
1529,1753,1
1530,1537,1
1530,1546,1
1530,1554,-1
1531,1535,1
1532,1542,1
1532,1545,1
1532,1753,-1
1533,1540,1
1533,1543,1
1533,1549,1
1534,1535,1
1534,1538,1
1535,1542,1
1535,2384,-1
1536,1543,1
1536,2128,-1
1536,2992,-1
1537,1539,1
1537,1543,1
1537,1548,1
1538,2890,-1
1539,1544,1
1539,1546,1
1540,1548,1
1541,1548,1
1541,2143,-1
1542,1549,1
1542,1654,-1
1542,1787,-1
1542,2712,-1
1543,1545,1
1543,1547,1
1543,1549,1
1543,2219,-1
1543,2794,-1
1546,1549,1
1548,1765,-1
1550,1883,-1
1550,2208,-1
1550,2240,-1
1553,2236,-1
1556,1892,-1
1557,2058,-1
1560,1569,1
1560,1575,1
1560,1617,-1
1560,1837,-1
1560,2432,-1
1561,1563,1
1561,1568,1
1561,1570,1
1561,1571,1
1561,1575,1
1561,1576,1
1561,1673,-1
1562,1572,1
1562,2742,-1
1563,1569,1
1563,2567,-1
1563,2778,-1
1564,1569,1
1564,1572,1
1564,1574,1
1564,1578,1
1564,1579,1
1564,1953,-1
1564,2446,-1
1565,1566,1
1565,1570,1
1565,1870,-1
1565,2708,-1
1566,1568,1
1566,2290,-1
1566,2649,-1
1567,1576,1
1567,1578,1
1568,1575,1
1568,2114,-1
1569,1574,1
1569,1916,-1
1569,1918,-1
1571,1572,1
1571,1943,-1
1571,2949,-1
1572,1573,1
1572,1579,1
1573,1578,-1
1573,1579,1
1573,2130,-1
1574,2397,-1
1574,2721,-1
1575,1578,1
1576,1577,1
1576,2962,-1
1577,1675,-1
1577,1798,-1
1577,1826,-1
1578,1579,1
1579,2118,-1
1580,2746,-1
1581,2135,-1
1581,2510,-1
1581,2528,-1
1583,1737,-1
1583,2993,1
1586,2657,-1
1587,1710,-1
1590,1598,1
1591,1605,1
1591,1607,1
1592,1593,1
1592,1594,1
1592,1601,1
1592,1608,1
1592,1979,-1
1593,1872,-1
1594,1609,1
1594,2109,-1
1594,2232,-1
1595,1596,1
1595,1598,1
1595,1601,1
1595,1603,1
1595,1604,1
1596,1607,1
1597,1603,1
1597,2624,-1
1598,1601,1
1598,1608,1
1598,1609,1
1598,2935,-1
1599,1609,1
1599,2420,-1
1599,2562,-1
1599,2955,-1
1600,1606,1
1600,2210,-1
1601,2156,-1
1602,1609,1
1603,1606,1
1603,1608,1
1603,1609,1
1603,1685,-1
1604,1609,1
1604,2402,-1
1604,2794,-1
1605,2569,-1
1606,1609,1
1606,1835,-1
1606,2040,-1
1613,1961,-1
1616,2073,-1
1618,1989,-1
1620,1621,1
1620,1626,1
1620,1627,1
1620,1630,1
1620,1633,1
1620,1638,1
1621,1624,1
1621,1628,1
1621,1634,1
1622,1633,1
1622,1635,1
1622,1636,1
1622,1639,1
1623,1624,1
1623,1625,1
1623,1631,-1
1623,1635,1
1624,1630,1
1624,1631,1
1624,2512,-1
1625,1630,1
1625,1635,1
1625,2864,-1
1626,1628,1
1627,1628,1
1628,2390,-1
1629,1637,1
1630,1633,1
1631,1634,1
1631,2965,-1
1632,1635,1
1633,2423,-1
1634,1638,1
1634,2157,-1
1635,2343,-1
1636,1693,-1
1638,2947,-1
1639,2349,-1
1640,2187,-1
1641,1730,-1
1644,1786,-1
1647,1768,-1
1647,2950,-1
1647,2972,-1
1648,2831,-1
1649,2359,-1
1650,1651,1
1651,1656,1
1651,1661,1
1651,1662,1
1651,2414,-1
1652,1657,1
1652,1658,1
1652,1660,1
1652,2604,-1
1652,2761,-1
1653,1662,1
1653,1664,1
1653,1666,1
1653,1668,1
1653,1669,1
1654,1659,1
1654,1702,-1
1655,1656,-1
1655,1657,1
1655,1658,1
1655,1660,1
1655,1662,1
1655,2066,-1
1656,1668,1
1656,1817,-1
1657,1709,-1
1658,1664,1
1658,1667,1
1660,1663,1
1660,1668,1
1661,1668,1
1662,1663,1
1662,1668,-1
1662,2831,-1
1662,2833,-1
1663,1665,1
1663,1669,1
1663,2318,-1
1664,1666,1
1664,1667,1
1664,2098,-1
1665,2447,-1
1666,1668,-1
1667,1668,-1
1672,2512,-1
1673,2055,-1
1676,2139,-1
1676,2696,-1
1677,2359,-1
1679,1745,-1
1680,1683,1
1680,1686,1
1680,1689,1
1680,2630,-1
1680,2855,-1
1681,1684,1
1681,1685,1
1681,1687,1
1681,1692,1
1681,2078,-1
1681,2682,-1
1682,1687,1
1682,1688,1
1682,1690,1
1682,1693,1
1682,1696,1
1682,1698,1
1683,1685,1
1683,1691,1
1684,1696,1
1685,1691,1
1685,1698,1
1685,2519,-1
1686,1688,1
1686,1691,1
1686,1699,1
1688,1689,1
1688,1696,1
1689,1697,1
1689,1699,1
1690,1699,1
1690,2214,-1
1691,1692,1
1691,1694,1
1692,1693,1
1692,1699,1
1693,1694,1
1693,1695,1
1693,1699,1
1694,1695,1
1694,1699,1
1694,1969,-1
1696,1699,1
1696,2925,-1
1697,1700,-1
1697,2119,-1
1698,2127,-1
1701,2008,-1
1701,2489,-1
1701,2976,-1
1704,1779,-1
1704,2665,-1
1705,1840,-1
1705,1976,-1
1706,2880,-1
1706,2937,-1
1707,1825,-1
1709,2882,-1
1710,1711,1
1710,1713,1
1710,1719,1
1710,1723,1
1710,1725,1
1710,1727,1
1710,1728,1
1711,1726,1
1711,1729,1
1712,1719,1
1712,1723,1
1712,1727,1
1712,1729,1
1712,2804,-1
1713,1722,1
1713,1723,1
1714,1716,1
1714,1728,1
1714,2536,-1
1714,2900,-1
1715,1719,1
1715,2661,-1
1717,1719,1
1717,1720,1
1717,1724,1
1718,1722,1
1718,1741,-1
1718,2310,-1
1718,2714,-1
1719,1728,1
1719,1729,1
1719,2175,-1
1719,2253,-1
1720,1724,1
1720,1729,1
1721,1725,1
1722,1728,1
1722,2166,-1
1722,2313,-1
1724,1728,1
1725,2551,-1
1726,1728,1
1726,2655,-1
1727,1729,1
1727,2654,-1
1731,2236,-1
1732,1799,1
1732,2614,-1
1732,2951,-1
1738,2292,-1
1740,1749,1
1740,1798,-1
1741,1743,1
1741,1745,1
1741,1752,1
1742,1744,1
1742,1745,1
1742,1746,1
1743,1752,-1
1743,1756,1
1743,1757,1
1743,1837,-1
1743,2604,-1
1744,1749,1
1744,1756,1
1744,2931,-1
1745,1752,1
1745,2295,-1
1746,1752,1
1746,1759,1
1747,1751,1
1747,1957,-1
1748,1751,1
1748,1948,-1
1749,1752,1
1749,2185,-1
1749,2493,-1
1750,1751,1
1750,1753,1
1750,1754,1
1750,2762,-1
1750,2855,-1
1751,1754,1
1751,1759,1
1751,2492,-1
1752,1754,1
1752,1758,1
1752,1759,1
1752,2987,-1
1753,1755,1
1753,1759,1
1753,1974,-1
1755,1759,1
1756,1851,-1
1757,2357,-1
1758,1930,-1
1759,2196,-1
1759,2657,-1
1766,1913,-1
1770,1783,1
1771,1777,1
1771,1780,1
1771,1781,1
1771,1783,1
1771,1786,1
1772,1777,1
1772,1789,1
1772,2751,-1
1773,1774,1
1773,1778,1
1773,1779,1
1773,1782,1
1773,1785,1
1773,1786,1
1773,2570,-1
1774,1779,1
1774,1783,1
1774,1785,1
1774,1891,-1
1775,1778,1
1775,1894,-1
1775,2050,-1
1776,1787,1
1777,1780,1
1778,1780,1
1778,1783,1
1778,2581,-1
1778,2803,-1
1779,1784,1
1779,1788,1
1779,1789,1
1779,2614,-1
1780,2682,-1
1781,1782,1
1781,1788,1
1782,1784,1
1782,1787,1
1783,2216,-1
1784,1787,1
1784,1812,-1
1784,2792,-1
1785,1787,1
1787,1788,1
1794,2026,-1
1794,2104,-1
1797,2888,-1
1800,1804,1
1800,1813,1
1801,1808,1
1801,1817,1
1801,1818,1
1801,1819,1
1802,1804,1
1802,1811,1
1803,1804,1
1803,1818,1
1803,1819,1
1804,1806,1
1804,1807,1
1804,1809,1
1805,1806,1
1805,1817,1
1805,1818,1
1805,2062,-1
1806,1809,1
1806,1813,1
1806,2597,-1
1807,2781,-1
1808,1814,1
1808,1815,1
1808,1818,1
1808,2938,-1
1809,1810,1
1809,1815,1
1810,1816,1
1811,2704,-1
1812,1815,1
1813,1817,1
1814,1817,1
1816,1819,1
1816,2007,-1
1816,2110,-1
1818,1819,1
1820,2161,-1
1822,1951,-1
1824,2094,-1
1827,2393,1
1828,1889,-1
1830,1834,1
1830,1836,1
1831,1834,1
1831,1838,1
1831,2398,-1
1832,1833,1
1832,1835,1
1832,1836,1
1832,1837,1
1832,2126,-1
1832,2826,-1
1833,1842,1
1833,1849,1
1834,1837,1
1834,1843,1
1835,1843,1
1835,2252,-1
1836,1844,1
1836,1846,1
1837,1838,1
1838,1841,1
1838,1849,1
1838,2367,-1
1839,1842,1
1839,1847,1
1839,1848,1
1840,1841,1
1840,1848,1
1840,1849,-1
1841,1844,1
1841,1849,1
1842,1844,1
1842,1847,1
1843,1844,1
1843,1845,1
1843,1847,1
1843,1848,1
1844,2379,-1
1844,2683,-1
1845,2889,-1
1845,2916,-1
1846,1847,1
1846,1848,1
1847,1849,1
1847,2200,-1
1848,1849,1
1849,2279,-1
1850,2069,-1
1852,2545,-1
1852,2617,-1
1855,2264,-1
1856,2981,-1
1858,2664,-1
1860,1872,1
1860,1879,1
1860,2262,-1
1860,2565,-1
1860,2847,-1
1860,2956,-1
1861,1862,1
1861,1877,1
1862,1866,1
1862,1877,1
1863,1873,1
1863,1875,1
1863,2020,-1
1863,2225,-1
1864,1865,1
1864,1876,1
1864,1879,1
1864,2877,-1
1865,1872,1
1865,1875,1
1866,1874,1
1866,1876,1
1867,1868,1
1867,1869,-1
1867,1874,1
1867,2965,-1
1868,1870,1
1868,1871,1
1869,1874,1
1869,1875,1
1869,1878,1
1871,1876,1
1871,1879,1
1871,2439,-1
1872,2543,-1
1874,1878,1
1875,1998,-1
1877,1878,1
1877,2982,-1
1878,2590,-1
1880,2508,-1
1882,2642,-1
1883,2477,-1
1885,2493,-1
1885,2504,1
1886,2684,-1
1888,1937,-1
1890,1893,1
1890,1896,1
1890,1898,1
1890,1900,1
1890,1901,1
1890,1905,1
1891,1892,1
1892,1895,1
1892,1898,1
1892,1901,1
1892,1907,1
1892,1943,-1
1893,1901,1
1893,2020,-1
1894,1895,1
1895,1898,1
1895,1902,1
1895,1903,1
1895,1906,1
1895,1907,1
1896,1902,1
1897,1909,1
1897,2973,-1
1898,1904,1
1898,1908,1
1898,2539,-1
1899,1904,1
1899,1905,1
1899,1907,1
1899,2866,-1
1900,1908,1
1900,1909,1
1900,2780,-1
1901,2355,-1
1902,1904,1
1902,1905,1
1902,1909,1
1903,1907,1
1903,2303,-1
1903,2500,-1
1904,1905,1
1904,1906,1
1905,2672,-1
1906,1909,1
1906,2126,-1
1907,1909,1
1911,2844,-1
1914,2547,-1
1919,2025,-1
1919,2950,-1
1920,1922,1
1920,1926,1
1920,1928,1
1920,1930,1
1920,1931,1
1920,1932,1
1920,1936,1
1921,1935,1
1922,1932,1
1923,1926,1
1923,1936,1
1924,1927,1
1924,1936,1
1925,1938,1
1926,1937,1
1926,1938,1
1927,1938,1
1928,1931,1
1928,1933,1
1928,1938,1
1929,1930,1
1929,1986,-1
1930,2430,-1
1930,2830,1
1931,2221,-1
1931,2373,-1
1933,1937,1
1933,1938,1
1934,1939,1
1934,2091,-1
1936,2418,-1
1937,1938,1
1941,2324,-1
1947,2469,-1
1948,2664,-1
1949,2222,-1
1949,2615,-1
1950,1952,1
1950,1959,-1
1950,1966,1
1951,1955,1
1951,1956,1
1951,1969,1
1952,1966,1
1953,1956,1
1953,1957,1
1953,1959,1
1953,1968,1
1953,2179,-1
1954,1956,1
1954,1960,1
1954,1963,1
1954,2659,-1
1955,1956,1
1955,1958,1
1955,1963,1
1955,1964,1
1955,1965,1
1956,1958,1
1956,1962,1
1957,1966,1
1959,1965,1
1959,1967,1
1959,1968,1
1960,2233,-1
1960,2675,-1
1961,1967,1
1962,1968,1
1963,1968,1
1963,1969,1
1963,2574,-1
1964,2410,-1
1965,2042,-1
1968,1969,1
1968,2313,-1
1971,2295,-1
1973,2204,-1
1975,2385,-1
1975,2899,-1
1978,2230,-1
1980,1989,1
1981,1985,1
1981,1989,1
1981,1990,1
1981,1993,1
1981,1998,1
1982,1988,1
1982,1989,1
1982,1991,1
1982,1993,-1
1982,1999,1
1982,2122,-1
1983,1993,1
1984,1991,1
1984,2189,-1
1985,1986,1
1985,1987,1
1985,1991,1
1985,1995,1
1985,1996,1
1985,2976,-1
1986,1989,1
1986,1995,1
1986,1996,1
1987,1989,1
1987,1991,1
1987,1993,1
1987,1995,1
1988,1990,1
1988,1992,1
1988,1996,1
1989,1990,1
1990,1994,1
1990,1996,1
1991,1995,1
1992,2495,-1
1993,1998,1
1994,2259,-1
1995,1996,1
1997,1998,1
1997,2630,-1
1998,2745,-1
1999,2790,-1
2001,2150,-1
2001,2425,-1
2003,2494,-1
2005,2713,-1
2006,2043,-1
2006,2908,-1
2007,2458,-1
2010,2014,1
2010,2896,-1
2011,2024,1
2011,2770,-1
2012,2016,1
2012,2019,1
2012,2027,1
2013,2017,1
2013,2025,1
2014,2018,1
2014,2020,1
2014,2028,1
2015,2025,1
2016,2804,-1
2017,2021,1
2017,2025,1
2018,2418,-1
2019,2024,1
2019,2025,1
2019,2027,1
2020,2021,1
2020,2025,1
2020,2027,1
2021,2025,1
2022,2028,1
2023,2025,1
2023,2028,1
2024,2117,-1
2025,2026,1
2025,2630,-1
2026,2027,1
2026,2408,-1
2028,2029,1
2028,2421,-1
2029,2654,-1
2031,2646,-1
2031,2906,-1
2033,2982,-1
2035,2072,-1
2037,2784,-1
2039,2907,-1
2040,2041,-1
2040,2058,1
2040,2059,1
2041,2042,1
2041,2045,1
2041,2051,1
2041,2052,1
2041,2999,-1
2042,2048,1
2042,2049,1
2042,2053,1
2043,2047,1
2043,2051,1
2043,2053,1
2044,2053,1
2045,2057,1
2046,2047,1
2046,2054,1
2046,2058,-1
2046,2903,-1
2048,2050,1
2048,2755,-1
2052,2114,-1
2053,2055,1
2053,2058,1
2053,2059,1
2053,2807,-1
2054,2056,1
2054,2058,1
2056,2956,-1
2058,2359,-1
2058,2702,-1
2060,2156,-1
2063,2538,-1
2063,2882,-1
2067,2539,-1
2067,2800,-1
2070,2071,1
2070,2078,1
2070,2082,1
2070,2083,1
2070,2084,1
2070,2089,1
2071,2073,1
2071,2079,1
2071,2082,1
2071,2085,1
2071,2086,1
2071,2585,-1
2072,2075,1
2072,2079,1
2072,2082,1
2072,2087,1
2072,2088,1
2072,2761,-1
2073,2083,1
2073,2088,1
2073,2618,-1
2074,2077,1
2074,2079,1
2075,2076,1
2075,2078,1
2075,2311,-1
2075,2717,-1
2076,2082,1
2077,2080,1
2077,2088,1
2077,2089,1
2077,2268,-1
2078,2087,1
2079,2084,1
2080,2083,1
2080,2088,1
2081,2082,1
2081,2087,1
2081,2088,1
2082,2084,1
2082,2087,1
2082,2089,1
2084,2088,1
2085,2086,1
2085,2813,-1
2086,2089,1
2087,2088,1
2087,2089,1
2088,2678,-1
2090,2876,-1
2091,2119,-1
2091,2565,-1
2094,2181,-1
2096,2575,-1
2097,2434,-1
2099,2172,-1
2100,2111,1
2101,2103,1
2101,2104,1
2101,2109,1
2101,2112,1
2101,2113,1
2101,2123,1
2101,2127,1
2102,2105,1
2102,2111,1
2102,2114,1
2102,2116,1
2102,2119,1
2102,2122,1
2102,2127,1
2103,2107,1
2103,2118,1
2103,2124,1
2103,2128,1
2104,2106,1
2104,2128,1
2104,2928,-1
2105,2109,1
2105,2128,1
2106,2118,1
2106,2125,1
2106,2129,1
2107,2112,1
2108,2114,1
2108,2116,1
2108,2121,-1
2108,2126,1
2109,2113,1
2109,2117,1
2110,2117,1
2110,2125,1
2110,2896,-1
2111,2112,1
2111,2114,1
2111,2119,1
2111,2127,1
2111,2627,1
2112,2116,1
2112,2120,1
2112,2123,1
2112,2124,1
2112,2128,1
2113,2116,1
2113,2119,1
2113,2124,1
2113,2125,1
2113,2126,1
2113,2129,1
2114,2119,1
2114,2124,1
2114,2129,1
2115,2121,1
2115,2122,1
2115,2126,1
2115,2127,1
2116,2127,1
2116,2129,1
2117,2119,1
2117,2120,1
2117,2127,1
2118,2126,1
2118,2767,-1
2119,2127,1
2119,2129,1
2121,2123,1
2121,2125,1
2122,2129,1
2123,2128,1
2123,2848,-1
2123,2929,1
2125,2126,1
2127,2719,-1
2128,2373,1
2129,2816,-1
2130,2131,1
2130,2135,1
2130,2139,1
2130,2140,1
2130,2143,1
2130,2146,1
2130,2150,1
2130,2159,1
2131,2134,1
2131,2147,1
2131,2148,1
2131,2149,1
2131,2153,1
2132,2141,1
2132,2150,1
2132,2155,1
2133,2148,1
2133,2151,1
2133,2152,1
2133,2154,1
2133,2157,1
2133,2503,-1
2134,2135,1
2134,2136,1
2134,2143,1
2134,2149,1
2134,2150,1
2134,2155,1
2134,2157,1
2134,2158,1
2134,2159,1
2134,2461,-1
2135,2137,1
2135,2146,1
2135,2152,1
2136,2144,1
2136,2152,1
2136,2153,1
2136,2155,1
2136,2156,-1
2136,2159,1
2137,2140,1
2137,2142,1
2137,2144,1
2137,2146,1
2137,2147,1
2137,2149,1
2137,2158,1
2138,2142,1
2138,2148,1
2139,2147,1
2139,2149,1
2140,2155,1
2140,2156,1
2140,2921,-1
2141,2155,1
2142,2146,1
2143,2150,1
2143,2155,1
2143,2159,1
2144,2146,1
2144,2151,1
2144,2154,1
2144,2891,-1
2145,2152,1
2145,2154,1
2146,2152,1
2146,2155,1
2147,2157,1
2147,2425,-1
2148,2156,1
2149,2156,1
2150,2158,1
2151,2154,1
2152,2569,-1
2153,2158,1
2153,2159,1
2153,2527,-1
2153,2629,-1
2153,2842,-1
2154,2157,-1
2154,2218,-1
2154,2245,-1
2155,2156,1
2155,2324,-1
2155,2944,-1
2156,2158,1
2157,2677,-1
2158,2577,-1
2160,2164,1
2160,2169,1
2160,2183,1
2161,2163,1
2161,2168,1
2161,2174,1
2161,2175,1
2161,2176,1
2161,2182,1
2162,2165,1
2162,2169,1
2162,2174,1
2162,2187,1
2162,2991,-1
2163,2176,1
2163,2180,1
2163,2182,1
2164,2178,1
2165,2171,1
2165,2180,1
2165,2181,1
2165,2183,1
2166,2178,1
2166,2182,1
2166,2184,1
2166,2188,1
2166,2189,1
2167,2168,1
2167,2171,1
2167,2176,1
2168,2173,1
2168,2179,1
2168,2180,1
2168,2184,1
2168,2189,1
2168,2704,-1
2169,2172,1
2169,2177,1
2169,2178,1
2169,2180,1
2169,2182,1
2169,2185,1
2169,2186,1
2169,2187,1
2169,2199,-1
2170,2179,1
2171,2172,1
2171,2176,1
2172,2178,1
2172,2184,1
2172,2685,-1
2173,2176,1
2173,2184,1
2173,2187,1
2174,2415,-1
2174,2594,-1
2175,2179,1
2175,2187,1
2176,2177,1
2176,2179,1
2176,2180,1
2176,2181,1
2177,2182,1
2178,2968,-1
2179,2180,1
2179,2182,1
2179,2187,1
2179,2307,-1
2181,2182,1
2183,2623,-1
2187,2365,-1
2190,2194,1
2190,2203,1
2190,2206,1
2190,2207,1
2190,2208,1
2190,2219,1
2191,2195,1
2191,2200,1
2191,2219,1
2192,2193,1
2193,2194,1
2193,2203,1
2193,2205,1
2193,2213,1
2193,2218,1
2193,2960,-1
2194,2196,1
2194,2199,1
2194,2200,1
2194,2212,1
2195,2198,1
2195,2210,1
2195,2216,1
2195,2218,1
2196,2199,1
2196,2209,1
2197,2204,1
2198,2204,1
2198,2216,1
2200,2214,1
2201,2204,1
2201,2206,1
2201,2215,1
2201,2219,1
2202,2209,1
2202,2210,1
2203,2210,1
2203,2212,1
2204,2210,1
2204,2214,1
2204,2215,1
2205,2208,1
2205,2213,1
2205,2218,1
2206,2210,1
2207,2218,1
2208,2218,1
2208,2219,1
2208,2399,-1
2209,2218,1
2210,2213,1
2210,2717,-1
2211,2216,1
2211,2774,-1
2212,2213,1
2212,2216,1
2212,2878,-1
2213,2215,1
2213,2634,-1
2214,2215,1
2215,2217,1
2215,2548,-1
2218,2376,-1
2219,2602,-1
2220,2235,1
2220,2239,1
2220,2242,1
2221,2231,1
2221,2247,1
2222,2230,1
2222,2231,1
2222,2232,1
2222,2245,1
2222,2247,1
2222,2249,1
2223,2230,1
2223,2234,1
2223,2235,1
2223,2243,1
2223,2245,1
2224,2237,1
2224,2239,1
2224,2242,1
2224,2245,1
2224,2248,1
2224,2249,1
2225,2227,1
2225,2235,1
2225,2248,1
2225,2653,-1
2226,2231,1
2226,2234,1
2226,2246,1
2226,2508,1
2227,2229,1
2227,2247,1
2227,2249,1
2228,2229,1
2228,2235,1
2228,2237,1
2228,2244,1
2228,2248,1
2229,2234,1
2229,2245,1
2229,2247,1
2230,2231,1
2230,2235,1
2230,2352,-1
2231,2236,1
2231,2237,1
2231,2244,1
2231,2246,1
2231,2247,1
2231,2248,-1
2232,2233,1
2232,2235,1
2232,2242,1
2232,2245,1
2234,2239,1
2234,2244,1
2234,2245,1
2234,2246,1
2234,2247,1
2236,2241,1
2236,2246,1
2236,2610,1
2237,2238,1
2237,2246,1
2237,2248,1
2238,2240,1
2241,2243,1
2242,2243,1
2242,2248,1
2242,2621,-1
2244,2751,-1
2245,2248,1
2246,2247,1
2250,2257,1
2250,2262,1
2250,2272,1
2251,2259,1
2251,2260,1
2251,2265,1
2251,2270,1
2251,2279,1
2252,2263,1
2252,2268,1
2252,2279,1
2253,2255,1
2253,2275,1
2254,2255,1
2254,2256,1
2254,2267,1
2254,2270,1
2255,2259,1
2255,2262,1
2255,2274,1
2255,2761,-1
2256,2258,1
2256,2262,1
2256,2263,1
2256,2270,1
2257,2273,1
2257,2902,-1
2258,2271,1
2258,2636,-1
2259,2267,1
2259,2268,1
2259,2307,-1
2260,2277,1
2261,2271,1
2261,2277,1
2261,2411,-1
2261,2455,-1
2262,2265,1
2262,2269,1
2262,2279,1
2262,2660,-1
2263,2264,1
2263,2268,1
2263,2273,1
2263,2575,-1
2264,2267,1
2264,2271,1
2264,2724,-1
2265,2272,1
2265,2273,1
2265,2275,1
2265,2279,1
2265,2711,-1
2266,2272,1
2267,2273,1
2268,2273,1
2269,2273,1
2269,2278,1
2270,2273,1
2270,2275,1
2270,2276,1
2270,2278,1
2271,2274,1
2271,2279,1
2271,2537,-1
2272,2276,1
2272,2278,1
2273,2274,1
2273,2649,-1
2275,2279,1
2276,2278,1
2276,2478,-1
2276,2709,-1
2276,2839,-1
2277,2787,-1
2280,2284,1
2280,2285,1
2280,2297,1
2280,2301,1
2280,2309,1
2281,2284,1
2281,2292,1
2281,2994,-1
2282,2288,1
2282,2297,1
2283,2286,1
2283,2295,1
2283,2297,1
2283,2302,1
2283,2307,1
2283,2309,1
2284,2285,1
2284,2296,1
2284,2298,1
2284,2304,1
2284,2309,1
2285,2295,1
2285,2296,1
2285,2298,1
2285,2301,1
2285,2302,1
2285,2307,1
2286,2287,1
2286,2291,1
2287,2291,1
2287,2293,1
2288,2292,1
2288,2297,1
2288,2306,1
2288,2309,1
2289,2292,1
2289,2464,-1
2289,2569,-1
2290,2294,1
2290,2298,1
2291,2292,1
2291,2293,1
2292,2295,1
2292,2299,1
2294,2303,1
2294,2304,1
2295,2306,1
2296,2302,1
2296,2305,1
2297,2299,1
2297,2301,1
2297,2302,1
2298,2305,1
2299,2300,1
2299,2309,1
2299,2416,-1
2301,2305,1
2302,2306,1
2302,2991,-1
2303,2308,1
2303,2988,-1
2306,2307,1
2309,2865,-1
2310,2312,-1
2310,2321,1
2310,2325,1
2310,2327,1
2310,2330,1
2310,2333,1
2311,2319,1
2311,2320,1
2311,2325,1
2312,2319,1
2312,2320,1
2312,2322,1
2312,2323,1
2312,2328,1
2312,2329,1
2312,2333,1
2312,2335,1
2313,2322,1
2313,2330,1
2313,2334,1
2313,2351,-1
2314,2323,1
2314,2324,1
2314,2325,1
2314,2329,1
2314,2335,1
2314,2388,-1
2315,2319,1
2315,2323,1
2315,2324,1
2315,2332,1
2316,2328,1
2316,2330,1
2316,2335,1
2316,2337,1
2316,2338,1
2317,2319,1
2317,2321,1
2317,2331,1
2317,2338,1
2318,2326,1
2318,2327,1
2318,2332,1
2318,2551,-1
2319,2321,1
2319,2326,1
2319,2333,1
2319,2339,1
2320,2327,1
2320,2329,1
2320,2338,1
2321,2323,1
2321,2325,1
2322,2337,-1
2322,2339,1
2323,2328,1
2323,2335,1
2323,2336,1
2324,2329,1
2324,2337,1
2325,2330,1
2325,2336,1
2325,2338,1
2325,2390,-1
2326,2330,1
2326,2334,1
2327,2329,1
2327,2338,1
2329,2331,1
2329,2336,1
2330,2334,1
2331,2332,1
2332,2339,1
2339,2760,-1
2340,2343,1
2340,2347,1
2340,2361,1
2341,2345,1
2341,2348,1
2341,2358,1
2341,2364,1
2342,2349,1
2342,2356,1
2343,2346,1
2343,2347,1
2343,2348,1
2343,2358,1
2343,2363,1
2343,2365,1
2343,2368,1
2344,2349,1
2344,2361,1
2345,2354,1
2346,2349,1
2346,2351,1
2346,2356,1
2346,2367,1
2347,2354,-1
2347,2355,1
2347,2356,1
2347,2364,1
2347,2762,-1
2348,2354,1
2348,2355,1
2349,2367,1
2350,2352,1
2350,2354,1
2350,2363,1
2350,2366,1
2351,2357,1
2351,2362,1
2352,2356,1
2352,2359,1
2352,2363,1
2352,2367,1
2353,2356,1
2353,2360,1
2353,2367,1
2353,2368,1
2354,2355,1
2354,2358,1
2354,2359,1
2354,2368,1
2355,2367,1
2355,2368,1
2356,2357,1
2356,2360,1
2356,2363,1
2356,2365,1
2357,2359,1
2359,2364,1
2359,2368,1
2359,2754,-1
2360,2364,1
2360,2368,1
2360,2575,-1
2362,2368,1
2362,2684,-1
2363,2367,1
2363,2368,1
2364,2366,1
2364,2368,1
2364,2884,-1
2366,2368,1
2366,2369,1
2366,2449,-1
2370,2384,1
2370,2386,1
2370,2387,1
2370,2399,1
2370,2712,-1
2371,2379,1
2371,2381,1
2371,2382,1
2372,2377,1
2372,2378,1
2372,2393,1
2372,2395,1
2372,2397,1
2373,2376,1
2373,2383,1
2373,2388,1
2373,2390,1
2373,2396,1
2374,2382,1
2374,2384,1
2374,2391,1
2374,2393,1
2374,2395,1
2374,2703,-1
2375,2382,1
2376,2381,1
2376,2385,1
2376,2386,1
2376,2389,1
2376,2396,1
2376,2397,1
2376,2399,1
2376,2686,-1
2377,2381,1
2377,2384,1
2377,2390,1
2377,2397,1
2377,2398,1
2378,2379,1
2378,2393,1
2378,2398,1
2378,2555,-1
2380,2386,1
2380,2387,1
2380,2392,1
2380,2397,1
2381,2737,-1
2382,2386,1
2382,2391,1
2382,2396,1
2383,2385,1
2384,2385,1
2384,2391,1
2384,2396,1
2384,2398,1
2384,2399,1
2385,2387,1
2385,2391,1
2385,2393,1
2386,2387,-1
2387,2394,1
2389,2392,1
2391,2394,1
2391,2398,1
2392,2393,1
2393,2399,1
2394,2397,1
2394,2398,1
2395,2590,-1
2400,2404,1
2400,2405,1
2400,2412,1
2400,2418,1
2400,2604,1
2401,2411,1
2401,2421,1
2401,2424,1
2401,2429,1
2402,2403,1
2402,2407,1
2402,2411,1
2402,2413,1
2402,2416,1
2402,2422,1
2403,2404,1
2403,2410,1
2403,2411,1
2403,2421,1
2403,2425,1
2404,2407,1
2404,2408,1
2404,2409,1
2404,2410,1
2404,2415,1
2404,2418,1
2404,2420,1
2405,2407,1
2405,2408,1
2405,2412,1
2405,2427,1
2406,2411,1
2406,2413,1
2406,2417,1
2406,2428,1
2406,2429,1
2407,2412,1
2407,2417,1
2407,2420,1
2408,2417,1
2408,2421,1
2409,2410,1
2409,2412,1
2409,2414,1
2409,2420,1
2409,2421,1
2409,2424,1
2409,2870,-1
2410,2411,1
2410,2429,1
2411,2420,1
2411,2429,1
2411,2985,-1
2412,2413,1
2412,2422,1
2412,2467,-1
2413,2418,1
2413,2420,1
2413,2423,1
2413,2427,1
2414,2420,1
2414,2425,1
2414,2653,-1
2415,2422,1
2415,2429,1
2417,2427,1
2418,2424,1
2418,2425,1
2419,2422,1
2420,2427,1
2421,2597,-1
2422,2423,1
2423,2426,1
2423,2427,1
2424,2425,1
2426,2427,1
2426,2429,1
2426,2614,-1
2427,2429,1
2427,2431,-1
2430,2431,1
2430,2432,1
2430,2435,1
2430,2450,1
2430,2458,1
2431,2432,1
2431,2450,1
2431,2452,1
2431,2453,1
2432,2440,1
2432,2457,1
2432,2714,-1
2432,2890,-1
2433,2436,1
2433,2437,1
2433,2456,1
2433,2459,1
2434,2448,1
2435,2438,1
2435,2511,-1
2436,2443,1
2436,2445,1
2436,2447,1
2436,2456,1
2436,2876,-1
2437,2452,1
2437,2453,1
2437,2700,-1
2438,2452,1
2439,2442,1
2439,2452,1
2439,2455,1
2440,2444,1
2440,2456,1
2440,2458,1
2441,2454,1
2441,2457,1
2442,2444,1
2442,2451,1
2444,2451,1
2444,2452,1
2444,2453,1
2444,2455,1
2444,2458,1
2444,2485,-1
2444,2979,-1
2445,2446,1
2445,2449,1
2445,2453,1
2445,2454,1
2446,2448,1
2446,2450,1
2446,2457,1
2447,2457,1
2447,2458,1
2447,2702,-1
2448,2454,1
2448,2459,1
2449,2450,1
2449,2453,1
2450,2456,1
2450,2538,-1
2452,2455,1
2452,2690,-1
2453,2455,1
2453,2459,1
2454,2878,-1
2456,2459,1
2460,2461,1
2460,2467,1
2460,2471,1
2460,2478,1
2461,2465,1
2461,2466,1
2461,2958,-1
2462,2470,1
2462,2477,1
2462,2484,1
2463,2469,1
2463,2482,1
2463,2484,1
2463,2489,1
2464,2465,1
2464,2466,1
2464,2479,1
2464,2480,1
2464,2481,1
2464,2482,1
2464,2486,1
2465,2478,1
2465,2481,1
2465,2489,1
2465,2535,-1
2466,2469,1
2466,2474,1
2466,2479,1
2466,2480,-1
2466,2482,1
2466,2487,1
2466,2489,1
2466,2729,-1
2467,2475,1
2467,2479,1
2467,2487,1
2468,2469,1
2468,2478,1
2468,2481,1
2468,2486,-1
2468,2489,1
2469,2485,1
2470,2475,1
2470,2479,-1
2470,2486,1
2470,2487,1
2470,2531,-1
2471,2473,1
2471,2477,1
2471,2478,1
2471,2481,1
2471,2484,1
2472,2474,1
2472,2477,1
2472,2478,1
2473,2479,1
2473,2483,1
2473,2488,1
2474,2478,1
2474,2480,1
2475,2485,1
2476,2484,1
2478,2482,1
2479,2973,-1
2482,2486,1
2483,2714,-1
2484,2486,1
2486,2487,1
2489,2850,-1
2490,2492,1
2490,2512,1
2490,2513,1
2490,2517,1
2490,2806,-1
2491,2504,1
2491,2515,1
2491,2519,1
2492,2503,-1
2492,2504,1
2492,2516,1
2492,2662,-1
2493,2495,1
2493,2513,1
2493,2516,1
2494,2518,1
2495,2498,1
2495,2512,1
2495,2513,1
2495,2516,1
2496,2501,1
2496,2517,1
2497,2506,1
2497,2512,1
2498,2505,1
2498,2506,1
2498,2507,1
2498,2512,1
2498,2519,1
2498,2567,-1
2499,2503,1
2499,2507,1
2499,2511,1
2499,2516,1
2499,2517,1
2499,2690,-1
2499,2950,-1
2500,2501,1
2500,2502,1
2500,2506,1
2500,2507,1
2500,2510,1
2500,2512,1
2500,2513,1
2500,2517,1
2501,2510,1
2501,2515,1
2501,2519,-1
2502,2510,1
2502,2515,1
2502,2518,1
2503,2505,1
2503,2507,1
2503,2508,1
2503,2517,1
2503,2598,-1
2504,2518,1
2505,2506,1
2505,2518,1
2506,2511,1
2506,2513,1
2507,2509,1
2507,2513,1
2507,2515,1
2508,2517,1
2508,2997,-1
2509,2512,1
2509,2518,1
2510,2635,-1
2510,2761,1
2510,2909,-1
2511,2514,1
2514,2515,1
2516,2517,-1
2516,2519,1
2517,2519,1
2517,2593,-1
2520,2525,1
2520,2528,1
2520,2532,1
2520,2545,1
2521,2524,1
2521,2532,1
2521,2540,1
2521,2546,1
2521,2549,1
2521,2696,-1
2522,2523,1
2522,2525,1
2522,2527,1
2522,2541,1
2522,2545,1
2523,2531,1
2523,2539,1
2523,2540,1
2523,2546,1
2523,2964,-1
2524,2531,1
2524,2532,-1
2524,2537,1
2524,2543,1
2525,2526,1
2525,2534,1
2525,2540,1
2525,2545,1
2526,2534,1
2526,2549,1
2526,2953,-1
2527,2532,1
2527,2533,1
2527,2538,1
2527,2542,1
2527,2543,1
2527,2545,1
2528,2533,1
2528,2542,1
2529,2530,1
2529,2546,1
2529,2702,-1
2530,2533,1
2530,2542,1
2530,2543,1
2530,2546,1
2530,2549,1
2530,2716,-1
2530,2790,-1
2530,2820,-1
2531,2541,1
2531,2545,1
2532,2534,1
2532,2544,1
2532,2768,-1
2533,2534,1
2533,2540,1
2533,2757,-1
2534,2537,1
2534,2546,1
2534,2593,-1
2534,2984,-1
2535,2537,1
2535,2540,1
2535,2544,1
2535,2546,1
2536,2537,1
2536,2547,1
2536,2549,1
2537,2544,1
2538,2542,1
2538,2543,1
2538,2544,1
2538,2545,1
2538,2549,1
2539,2540,1
2539,2548,1
2540,2543,1
2540,2544,1
2540,2603,-1
2541,2544,1
2541,2546,1
2541,2549,1
2542,2547,1
2543,2763,-1
2544,2547,-1
2546,2547,1
2556,2894,-1
2557,2641,-1
2557,2678,-1
2559,2803,-1
2566,2769,-1
2568,2630,-1
2586,2830,-1
2588,2904,-1
2604,2843,-1
2616,2647,-1
2619,2760,-1
2630,2778,-1
2636,2857,-1
2639,2855,-1
2643,2924,-1
2651,2722,-1
2654,2914,-1
2659,2722,-1
2663,2854,-1
2668,2927,-1
2670,2887,-1
2677,2711,-1
2680,2958,-1
2681,2836,-1
2682,2922,-1
2686,2753,-1
2688,2799,-1
2693,2768,-1
2694,2959,-1
2700,2833,1
2700,2917,-1
2701,2931,-1
2705,2969,-1
2706,2872,-1
2717,2833,-1
2721,2756,-1
2729,2902,-1
2737,2981,-1
2747,2935,-1
2750,2812,-1
2784,2866,-1
2789,2896,-1
2793,2929,-1
2793,2937,-1
2793,2963,-1
2799,2871,-1
2801,2935,-1
2816,2933,-1
2818,2891,-1
2824,2893,-1
2846,2874,-1
2859,2925,-1
2861,2885,-1
2894,2945,-1
2904,2932,-1
2945,2983,-1
